0.135993
0.200614
0.772175
0.113213
0.215506
0.360787
0.377824
0.232877
0.219656
0.899744
0.29343
0.556369
0.755468
0.69512
0.847992
0.549299
0.796931
0.644688
0.966584
0.594148
0.167272
0.68176
0.667474
0.232551
0.707721
0.459652
0.549098
0.620036
0.650844
0.553044
0.0827609
0.726068
0.00497577
0.727609
0.859277
0.941671
0.629676
0.0618566
0.65297
0.0536268
0.706252
0.341852
0.855884
0.0216645
0.874607
0.160346
0.00202897
0.177169
0.436725
0.701574
0.714919
0.440667
0.984598
0.467401
0.0994771
0.752716
0.78616
0.259226
0.230496
0.561981
0.395009
0.0206618
0.238303
0.678352
0.123889
0.988158
0.304346
0.610308
0.499454
0.237762
0.976809
0.295645
0.542782
0.775371
0.705493
0.431082
0.351118
0.294193
0.238505
0.891372
0.608475
0.485289
0.495466
0.491897
0.516729
0.302902
0.794464
0.0935834
0.945415
0.621256
0.66195
0.805429
0.184129
0.369457
0.436777
0.185316
0.486855
0.13175
0.442135
0.109249
0.173095
0.435574
0.245573
0.355081
0.249955
0.0538209
0.80647
0.81976
0.878146
0.859548
0.475856
0.287314
0.986573
0.233363
0.267839
0.928011
0.899389
0.9741
0.675558
0.354027
0.202472
0.467914
0.00617899
0.459764
0.905786
0.522281
0.578169
0.102894
0.62519
0.137595
0.721452
0.77142
0.944163
0.765195
0.285023
0.853034
0.773546
0.290394
0.876041
0.280028
0.788748
0.747027
0.577943
0.616633
0.797675
0.630203
0.0600676
0.155361
0.00371853
0.92547
0.874148
0.409191
0.476566
0.150639
0.660252
0.107594
0.410335
0.765094
0.890874
0.903652
0.0163253
0.454576
0.861261
0.547291
0.714912
0.507102
0.701801
0.602316
0.660978
0.257148
0.889147
0.011172
0.203379
0.0847223
0.941052
0.20885
0.150231
0.967252
0.442675
0.481077
0.231838
0.319474
0.447994
0.599549
0.434856
0.479742
0.823381
0.7437
0.446069
0.495038
0.223698
0.856926
0.821925
0.520919
0.861267
0.145892
0.966868
0.173105
0.380038
0.37122
0.982421
0.818401
0.914281
0.453443
0.609474
0.00980253
0.771595
0.14992
0.836767
0.0191365
0.225415
0.903217
0.29489
0.456726
0.883024
0.0316607
0.530025
0.502556
0.00248082
0.467269
0.259619
0.826568
0.0536461
0.195492
0.436325
0.980441
0.0924563
0.877461
0.655837
0.446776
0.0206593
0.0315235
0.85671
0.704883
0.742474
0.545884
0.594977
0.53931
0.777221
0.184939
0.979448
0.864377
0.874997
0.521008
0.954975
0.883275
0.780456
0.377428
0.955007
0.737387
0.538773
0.695098
0.894755
0.72964
0.118726
0.96564
0.220629
0.918531
0.610722
0.297554
0.269292
0.660436
0.0374503
0.176463
0.221168
0.960201
0.373829
0.0671517
0.988664
0.788194
0.388612
0.14736
0.520644
0.698793
0.463627
0.97103
0.61368
0.724933
0.0241175
0.191001
0.0321716
0.860814
0.66914
0.249644
0.467727
0.999595
0.340534
0.178471
0.247791
0.134527
0.81056
0.751952
0.528335
0.857957
0.0171287
0.289719
0.576686
0.222905
0.19295
0.84592
0.776806
0.522949
0.489074
0.37681
0.176435
0.969704
0.997009
0.163616
0.57115
0.689413
0.978503
0.890243
0.393914
0.177769
0.0185307
0.412267
0.851189
0.260076
0.696557
0.628401
0.240973
0.933082
0.105865
0.716248
0.911871
0.00389936
0.138845
0.094939
0.460563
0.202067
0.763393
0.0565758
0.403031
0.373932
0.440199
0.718439
0.635729
0.0288289
0.0992468
0.575182
0.450556
0.628408
0.382672
0.472216
0.576773
0.0365464
0.0664656
0.0924477
0.302336
0.81482
0.819909
0.771297
0.248382
0.188785
0.455855
0.309911
0.358876
0.823765
0.109032
0.243911
0.214504
0.00920092
0.557883
0.0455463
0.350936
0.80648
0.0905793
0.38666
0.943102
0.778795
0.632083
0.0592297
0.293117
0.583701
0.937736
0.00373368
0.952332
0.131822
0.750529
0.958349
0.580708
0.660859
0.701809
0.38481
0.115133
0.726008
0.866314
0.527723
0.958247
0.0799943
0.984539
0.520398
0.0634647
0.601308
0.248718
0.226088
0.484435
0.81765
0.938699
0.788342
0.740317
0.652097
0.50329
0.668147
0.107197
0.527992
0.92487
0.444769
0.422332
0.29084
0.0324011
0.439964
0.350766
0.639161
0.981915
0.847566
0.410471
0.677098
0.526858
0.775469
0.984713
0.348045
0.178034
0.0190651
0.318224
0.224255
0.987654
0.296623
0.390573
0.605031
0.457235
0.0621762
0.0623721
0.0570107
0.0389511
0.157329
0.319183
0.0571039
0.138235
0.0655051
0.0767642
0.360982
0.921723
0.805862
0.255136
0.261768
0.13542
0.0895125
0.330076
0.568357
0.754052
0.716299
0.273958
0.957475
0.79375
0.788723
0.406855
0.911499
0.973133
0.808984
0.691853
0.559648
0.454682
0.734639
0.37916
0.531994
0.119726
0.51459
0.0560611
0.997772
0.58998
0.794861
0.707172
0.0891773
0.738619
0.54195
0.696668
0.808573
0.563104
0.544261
0.39621
0.101143
0.633662
0.90282
0.957538
0.944317
0.903366
0.837435
0.878573
0.371133
0.443218
0.355703
0.68442
0.520246
0.777927
0.778689
0.11962
0.808986
0.679377
0.96816
0.863264
0.376092
0.23423
0.344418
0.100545
0.700753
0.264771
0.110788
0.670736
0.462576
0.167557
0.00563898
0.148516
0.884445
0.434006
0.0672354
0.263531
0.8584
0.786175
0.648072
0.903879
0.318012
0.142226
0.763462
0.529449
0.666525
0.650573
0.269698
0.668653
0.50014
0.1173
0.237256
0.0695103
0.906544
0.305047
0.224392
0.0231751
0.458219
0.764762
0.298627
0.923828
0.397521
0.976411
0.355086
0.106729
0.52615
0.358988
0.972175
0.888451
0.390813
0.907395
0.341994
0.401516
0.0381122
0.861924
0.623783
0.489284
0.85291
0.215739
0.0876908
0.0662653
0.256977
0.490685
0.132443
0.874709
0.664378
0.552469
0.782192
0.454259
0.246439
0.762139
0.0121243
0.0372556
0.0857207
0.976122
0.933807
0.0116548
0.372775
0.669873
0.815338
0.73827
0.607872
0.054291
0.397763
0.363917
0.858374
0.732956
0.208683
0.389042
0.491352
0.723317
0.748272
0.206924
0.198593
0.967178
0.0187615
0.431255
0.693239
0.371282
0.975986
0.875081
0.788836
0.572651
0.870191
0.306381
0.452668
0.740526
0.595381
0.300925
0.075524
0.0621192
0.235807
0.451361
0.197482
0.286005
0.467974
0.839599
0.544451
0.915621
0.366851
0.0529516
0.681938
0.613889
0.918753
0.383382
0.106145
0.989795
0.658795
0.644368
0.314396
0.809922
0.132723
0.337734
0.263016
0.178463
0.619395
0.189382
0.705804
0.529896
0.691463
0.317576
0.209578
0.12054
0.141297
0.151667
0.297627
0.0585348
0.0325914
0.1496
0.535188
0.451602
0.979437
0.5454
0.310294
0.673297
0.890651
0.756281
0.527884
0.398612
0.749834
0.622656
0.535636
0.730527
0.826648
0.252847
0.0279878
0.339425
0.643202
0.329354
0.959811
0.444288
0.672842
0.944911
0.941639
0.484473
0.919144
0.587026
0.989366
0.00123604
0.468832
0.0675796
0.330528
0.193589
0.227289
0.611676
0.243945
0.272155
0.764501
0.92383
0.132244
0.693233
0.393141
0.588033
0.505334
0.822318
0.764019
0.29388
0.848638
0.841227
0.407531
0.0704889
0.992901
0.118894
0.245435
0.049988
0.661263
0.354238
0.0767036
0.670249
0.917837
0.197219
0.457058
0.735475
0.859142
0.864039
0.651523
0.572047
0.556717
0.523119
0.362444
0.343871
0.0459127
0.0202428
0.597925
0.952138
0.60837
0.436104
0.276316
0.911515
0.763104
0.00392413
0.964902
0.23537
0.403548
0.477184
0.00213234
0.603474
0.667224
0.485373
0.119562
0.347748
0.18161
0.928176
0.690323
0.918508
0.307333
0.67365
0.82181
0.704571
0.366555
0.94565
0.500177
0.917285
0.0666926
0.456083
0.624757
0.629874
0.110989
0.847624
0.887879
0.615251
0.267487
0.520158
0.0468406
0.84195
0.27838
0.280877
0.13942
0.556609
0.825878
0.580704
0.802877
0.634728
0.14719
0.291642
0.777495
0.198465
0.472341
0.448425
0.921741
0.363719
0.787604
0.06574
0.610454
0.843591
0.31324
0.955147
0.904345
0.204531
0.346373
0.402645
0.790773
0.277143
0.488333
0.703149
0.0568222
0.830195
0.868507
0.826681
0.501402
0.500586
0.532288
0.27494
0.723405
0.564026
0.307594
0.380151
0.724516
0.920802
0.219264
0.447499
0.465823
0.782625
0.470916
0.130163
0.833289
0.231149
0.838214
0.87785
0.205035
0.865428
0.425522
0.000162604
0.538814
0.8204
0.183258
0.682425
0.796355
0.262981
0.66628
0.035025
0.968514
0.579203
0.570482
0.284993
0.309779
0.922477
0.785632
0.737963
0.350039
0.366922
0.492904
0.011756
0.120035
0.735239
0.819564
0.0695911
0.115806
0.618871
0.21731
0.0290871
0.201134
0.178758
0.917528
0.621568
0.356208
0.213028
0.480366
0.602875
0.635497
0.45238
0.900992
0.569785
0.998492
0.453336
0.666928
0.041891
0.731551
0.99566
0.614949
0.944443
0.820177
0.19073
0.723795
0.565495
0.315129
0.822356
0.665983
0.32198
0.838673
0.828208
0.380153
0.712195
0.0814255
0.740801
0.303533
0.738813
0.014664
0.411365
0.626208
0.151807
0.570667
0.847403
0.87153
0.146047
0.712858
0.155767
0.888129
0.0698548
0.133437
0.881152
0.570863
0.674747
0.507053
0.508714
0.835693
0.669097
0.702075
0.385962
0.380455
0.425464
0.901883
0.446352
0.732052
0.248645
0.853843
0.681734
0.410024
0.757733
0.01668
0.680203
0.354549
0.77962
0.576165
0.0746265
0.935031
0.438954
0.732203
0.763866
0.89842
0.792059
0.710203
0.433087
0.775007
0.338188
0.94948
0.21536
0.412625
0.171636
0.390255
0.438945
0.0249542
0.821079
0.559209
0.0167867
0.926647
0.00329216
0.555688
0.664388
0.104233
0.4205
0.175038
0.155015
0.112884
0.394696
0.176313
0.260435
0.424697
0.954544
0.293631
0.0613034
0.906153
0.676124
0.905277
0.299747
0.596899
0.550186
0.0862778
0.535149
0.249008
0.180402
0.776703
0.196638
0.056733
0.122393
0.951449
0.985551
0.999147
0.460391
0.157584
0.443128
0.175373
0.255998
0.994497
0.694318
0.860044
0.654029
0.771029
0.920654
0.646442
0.511017
0.388354
0.605058
0.947759
0.0416187
0.0620508
0.890047
0.103144
0.684423
0.426684
0.186562
0.931999
0.9716
0.342249
0.905015
0.15246
0.536077
0.887348
0.906412
0.0288903
0.738352
0.637064
0.869369
0.576802
0.798956
0.382804
0.172389
0.786154
0.377491
0.143513
0.68701
0.880129
0.410129
0.18522
0.842429
0.374564
0.748308
0.171076
0.645571
0.19582
0.400262
0.291533
0.210626
0.501551
0.449761
0.939822
0.129992
0.176533
0.187988
0.388053
0.155127
0.249941
0.927667
0.668269
0.227577
0.101363
0.414337
0.887337
0.974275
0.420524
0.954196
0.648692
0.475243
0.148815
0.0522019
0.115051
0.736556
0.535979
0.236572
0.162478
0.466458
0.747651
0.409246
0.741152
0.578153
0.249613
0.404076
0.955994
0.644925
0.785538
0.049947
0.988218
0.481579
0.839352
0.519156
0.256026
0.0569835
0.37353
0.977885
0.741582
0.842818
0.311299
0.24922
0.483297
0.393285
0.906562
0.253608
0.717783
0.322606
0.680952
0.221832
0.512052
0.781868
0.809268
0.729863
0.429834
0.706095
0.526558
0.249704
0.848349
0.0836833
0.908765
0.176958
0.414089
0.940274
0.297595
0.484033
0.0916129
0.169752
0.13164
0.851472
0.596227
0.970193
0.177961
0.618801
0.244266
0.10068
0.857835
0.674536
0.646464
0.473386
0.772682
0.304924
0.704038
0.118838
0.709449
0.0328896
0.103518
0.601057
0.932501
0.0483353
0.334062
0.89987
0.545474
0.401593
0.932444
0.533858
0.315984
0.40381
0.343164
0.850548
0.463785
0.000840843
0.908884
0.77686
0.58224
0.530304
0.767418
0.625669
0.459708
0.42689
0.47781
0.949895
0.55631
0.955138
0.735824
0.937521
0.124548
0.16566
0.683378
0.259617
0.927948
0.722666
0.737417
0.438767
0.372886
0.897521
0.915541
0.471498
0.284126
0.115263
0.561659
0.765968
0.242084
0.274186
0.990308
0.666926
0.621287
0.189274
0.912824
0.0665687
0.44546
0.106763
0.311427
0.208462
0.980121
0.999282
0.309833
0.668565
0.617826
0.669677
0.210813
0.13802
0.501974
0.908586
0.429315
0.914161
0.0453472
0.209452
0.879147
0.825115
0.585561
0.597953
0.202412
0.585669
0.260715
0.314623
0.911551
0.0142894
0.778335
0.978977
0.808359
0.118477
0.882085
0.00484991
0.878147
0.116593
0.135294
0.326532
0.499894
0.318047
0.219916
0.49671
0.00343954
0.200288
0.930049
0.700408
0.691267
0.183636
0.952474
0.556099
0.339598
0.938229
0.901393
0.234799
0.17345
0.943764
0.127973
0.38399
0.211518
0.108881
0.584098
0.348561
0.749547
0.668001
0.935137
0.267462
0.0324086
0.647808
0.567197
0.599678
0.785088
0.421976
0.364793
0.605165
0.628256
0.183816
0.979419
0.0135102
0.481816
0.496621
0.623396
0.919322
0.167927
0.119442
0.132863
0.351619
0.416881
0.13488
0.176389
0.0686713
0.732654
0.0238423
0.14647
0.830436
0.611538
0.744386
0.233445
0.676147
0.059904
0.899026
0.938058
0.848268
0.305462
0.556012
0.492177
0.937719
0.918723
0.0605448
0.389916
0.347634
0.301673
0.356366
0.668452
0.81565
0.253266
0.78241
0.713382
0.235549
0.951952
0.304639
0.982136
0.830023
0.468761
0.914948
0.906673
0.12821
0.560965
0.807707
0.421342
0.498554
0.579268
0.295539
0.149597
0.862944
0.322219
0.955325
0.220243
0.140178
0.98548
0.174739
0.696092
0.538381
0.234807
0.912249
0.734251
0.425714
0.524096
0.881509
0.184724
0.858243
0.661126
0.526569
0.322104
0.670509
0.159003
0.907317
0.516446
0.731328
0.0520327
0.881182
0.854591
0.0396151
0.453646
0.607408
0.119187
0.149945
0.8474
0.439338
0.277494
0.578386
0.385599
0.210996
0.99913
0.427957
0.814122
0.785221
0.929223
0.843895
0.890931
0.87335
0.768827
0.476098
0.0556227
0.406649
0.629917
0.664263
0.359951
0.98427
0.00842948
0.597732
0.334138
0.809688
0.886287
0.50262
0.699217
0.183996
0.149891
0.437726
0.239239
0.864047
0.0145197
0.596442
0.267279
0.532028
0.64004
0.853784
0.140063
0.209543
0.424009
0.968095
0.163685
0.634704
0.367546
0.0973591
0.394208
0.364174
0.0849401
0.896186
0.118575
0.189224
0.0154999
0.0704966
0.0439915
0.480793
0.562605
0.435083
0.291977
0.744249
0.917671
0.249336
0.742172
0.336493
0.512565
0.726575
0.380611
0.579059
0.85545
0.53347
0.543377
0.148582
0.676824
0.868784
0.316299
0.270473
0.0198689
0.888446
0.619687
0.223732
0.12454
0.187456
0.478628
0.0971647
0.780365
0.288954
0.15756
0.328514
0.679157
0.205055
0.928055
0.643963
0.653366
0.169972
0.51315
0.517258
0.0621407
0.0397654
0.023955
0.0340086
0.7266
0.897471
0.454157
0.540038
0.657225
0.820685
0.0720327
0.9733
0.96169
0.25371
0.340001
0.272813
0.946976
0.319448
0.931381
0.961971
0.938573
0.609603
0.169336
0.749058
0.277166
0.546861
0.893246
0.441252
0.973796
0.178423
0.332671
0.908295
0.93496
0.526175
0.251051
0.510696
0.63358
0.171763
0.245538
0.0974294
0.814135
0.940871
0.182268
0.978375
0.194617
0.0530668
0.235276
0.735004
0.977899
0.161731
0.349278
0.820118
0.417397
0.655526
0.953366
0.54997
0.746278
0.675037
0.337922
0.460357
0.06427
0.0748526
0.593174
0.174892
0.46772
0.770772
0.775049
0.410979
0.155246
0.104441
0.591347
0.855676
0.272175
0.681101
0.242328
0.150358
0.865608
0.104819
0.226974
0.280442
0.811329
0.24297
0.836236
0.835244
0.384303
0.306093
0.816061
0.554387
0.638495
0.315334
0.659019
0.662935
0.649354
0.578463
0.860975
0.448678
0.243525
0.953883
0.966253
0.0279654
0.789368
0.676039
0.547493
0.286718
0.261923
0.837455
0.466457
0.0425473
0.114621
0.252202
0.616296
0.727205
0.263487
0.580888
0.0923691
0.121549
0.972024
0.553932
0.276811
0.50324
0.498275
0.895284
0.173109
0.352915
0.0547698
0.121492
0.587503
0.975561
0.163822
0.937381
0.209349
0.685476
0.292337
0.411542
0.143736
0.327167
0.531789
0.907971
0.446432
0.729213
0.304923
0.155366
0.252134
0.459781
0.978337
0.508248
0.665919
0.402506
0.51986
0.0678713
0.946734
0.614462
0.554633
0.997635
0.930284
0.184866
0.799419
0.697214
0.886907
0.382722
0.979392
0.2507
0.223488
0.30388
0.699266
0.0845055
0.947675
0.0366884
0.394466
0.835281
0.840608
0.745337
0.646729
0.982933
0.822755
0.417286
0.592564
0.355158
0.253484
0.457592
0.120238
0.913251
0.969659
0.111543
0.643421
0.134575
0.0155091
0.687272
0.815867
0.666484
0.535993
0.243052
0.393557
0.867066
0.792375
0.775583
0.122273
0.998712
0.614463
0.457659
0.997557
0.513172
0.774119
0.842313
0.248029
0.842059
0.404779
0.632997
0.178848
0.894026
0.0206956
0.763077
0.87672
0.95481
0.696388
0.177927
0.923423
0.59976
0.852693
0.955996
0.484596
0.789095
0.578483
0.913949
0.770723
0.27933
0.121207
0.0537825
0.0188439
0.057457
0.30638
0.207818
0.165885
0.696758
0.546805
0.165861
0.135711
0.538202
0.312771
0.638168
0.468275
0.106526
0.774653
0.756899
0.430107
0.984477
0.421871
0.754325
0.586316
0.0203867
0.83468
0.0862839
0.692854
0.740598
0.711013
0.654698
0.17896
0.94354
0.744682
0.842685
0.237028
0.198914
0.930782
0.705847
0.5735
0.0587794
0.380876
0.758988
0.75311
0.848896
0.0185706
0.549644
0.0652191
0.878773
0.831856
0.170626
0.321375
0.359681
0.0645903
0.819738
0.321138
0.101458
0.945166
0.708621
0.0299777
0.406341
0.223005
0.713679
0.525411
0.704178
0.151442
0.484902
0.833606
0.132084
0.634377
0.672849
0.553471
0.71319
0.467889
0.530211
0.260572
0.691765
0.925652
0.433279
0.778568
0.768649
0.107229
0.933248
0.0459791
0.9155
0.613554
0.549057
0.142903
0.0786028
0.0481686
0.547227
0.955212
0.791133
0.890431
0.256053
0.204054
0.305021
0.878219
0.6325
0.459468
0.19453
0.590545
0.501802
0.48333
0.14316
0.9072
0.542193
0.85445
0.553079
0.889909
0.620211
0.346781
0.296587
0.551558
0.169071
0.141484
0.05731
0.969829
0.133307
0.0713331
0.207913
0.574161
0.366754
0.374877
0.931297
0.821994
0.741516
0.857004
0.622963
0.631384
0.401355
0.438057
0.736753
0.624132
0.171516
0.32295
0.717359
0.741138
0.887197
0.851993
0.663815
0.133346
0.292174
0.352851
0.871842
0.851248
0.062141
0.126723
0.0265931
0.960103
0.960161
0.922934
0.900049
0.576054
0.030538
0.6527
0.765243
0.864626
0.442814
0.876459
0.451419
0.136171
0.94378
0.641988
0.528167
0.868584
0.670468
0.769943
0.793954
0.0824462
0.938703
0.907546
0.772668
0.0684601
0.72751
0.639225
0.504605
0.379711
0.0701763
0.889629
0.248076
0.547517
0.76962
0.763349
0.720333
0.355698
0.433589
0.379582
0.265424
0.269699
0.478979
0.446611
0.801299
0.240366
0.949186
0.85574
0.484918
0.441282
0.248735
0.527366
0.536864
0.996661
0.227432
0.50916
0.612285
0.256067
0.852354
0.688047
0.887
0.500353
0.433205
0.151954
0.959465
0.393578
0.334523
0.963972
0.0755622
0.383787
0.301323
0.0789128
0.935906
0.713178
0.825778
0.45293
0.112004
0.407667
0.263404
0.461431
0.0694253
0.440083
0.131805
0.485256
0.0981835
0.927949
0.340869
0.982772
0.255532
0.399647
0.107454
0.514975
0.14995
0.577848
0.0975857
0.495184
0.811099
0.93673
0.693724
0.465666
0.0477275
0.00592887
0.528949
0.319677
0.923963
0.714642
0.617855
0.516796
0.590176
0.355355
0.238717
0.408186
0.11507
0.994563
0.65924
0.00945589
0.776914
0.903126
0.591184
0.395745
0.267037
0.50483
0.396978
0.85234
0.136529
0.849133
0.303575
0.311893
0.0549039
0.0257807
0.608653
0.129533
0.0281419
0.814171
0.863285
0.00407974
0.985436
0.33105
0.362535
0.912235
0.245265
0.929654
0.492662
0.395431
0.683691
0.756071
0.699884
0.192733
0.755297
0.937219
0.248199
0.830533
0.775566
0.92061
0.735988
0.464595
0.0890046
0.952886
0.892627
0.375628
0.468719
0.975558
0.918218
0.612034
0.000129721
0.0827487
0.560802
0.52895
0.615569
0.245013
0.642659
0.683608
0.734685
0.865353
0.546426
0.967046
0.298253
0.931469
0.334916
0.335022
0.867702
0.721955
0.398273
0.213469
0.495134
0.826066
0.80087
0.62961
0.227466
0.273866
0.825681
0.130357
0.47266
0.29126
0.892039
0.616392
0.6669
0.806047
0.0596731
0.0271186
0.89533
0.241905
0.648655
0.138011
0.214948
0.171186
0.595877
0.55267
0.778462
0.919449
0.440041
0.578987
0.702111
0.229339
0.318717
0.707533
0.699958
0.905505
0.604538
0.254887
0.0869593
0.209919
0.380247
0.793145
0.608686
0.518969
0.296332
0.752276
0.619934
0.820762
0.429549
0.632602
0.790395
0.954696
0.713696
0.0885096
0.828646
0.00352628
0.948637
0.562446
0.834651
0.159415
0.0118354
0.425154
0.430132
0.552038
0.941313
0.951682
0.139485
0.869648
0.480715
0.836431
0.248715
0.613843
0.50809
0.373995
0.624674
0.488216
0.655083
0.397272
0.796714
0.271422
0.194613
0.108545
0.19766
0.715979
0.837969
0.623961
0.397338
0.332025
0.84619
0.707535
0.360723
0.318413
0.694918
0.679431
0.0611793
0.0601794
0.047889
0.0653289
0.794502
0.375649
0.742452
0.405777
0.0622391
0.686461
0.716512
0.81353
0.119634
0.798052
0.09315
0.567377
0.347319
0.913988
0.469971
0.496315
0.105085
0.194494
0.461377
0.242007
0.114917
0.472773
0.0356996
0.279054
0.161322
0.460543
0.981577
0.711835
0.199335
0.494317
0.250209
0.137027
0.796204
0.350205
0.74664
0.097211
0.16809
0.225616
0.988434
0.227857
0.0803371
0.561957
0.902794
0.327877
0.727131
0.952094
0.609769
0.853127
0.30808
0.853462
0.752978
0.507622
0.388122
0.404811
0.200644
0.327625
0.305015
0.0205273
0.49313
0.892839
0.956726
0.0175763
0.405268
0.520495
0.698677
0.60287
0.0369297
0.203588
0.758287
0.581663
0.708291
0.413652
0.897309
0.12591
0.850917
0.677125
0.604077
0.60261
0.213994
0.869074
0.28611
0.801677
0.339635
0.11162
0.969483
0.104102
0.04845
0.419988
0.0426611
0.507932
0.396131
0.749594
0.286247
0.271653
0.441679
0.902468
0.420542
0.264726
0.941965
0.372145
0.844761
0.183334
0.133172
0.380558
0.0108359
0.893271
0.765405
0.677975
0.547975
0.117729
0.868974
0.834948
0.504223
0.311332
0.715356
0.975801
0.4893
0.633109
0.356231
0.746662
0.0415263
0.0471052
0.509375
0.786335
0.698018
0.839951
0.0345429
0.291695
0.189756
0.388964
0.239179
7.07678e-05
0.4136
0.602929
0.0680457
0.715706
0.205977
0.546836
0.587017
0.91918
0.895733
0.982404
0.540454
0.232978
0.412088
0.890348
0.0757845
0.6973
0.651109
0.673067
0.606048
0.116287
0.590172
0.973576
0.663919
0.418516
0.589311
0.0446968
0.438165
0.619507
0.615253
0.701823
0.0280599
0.569031
0.519905
0.228517
0.29399
0.85162
0.993108
0.426836
0.564355
0.538381
0.659884
0.828938
0.999092
0.649019
0.864245
0.32737
0.842106
0.616797
0.427062
0.647587
0.601306
0.900886
0.567298
0.421235
0.678851
0.105876
0.398461
0.0451865
0.684481
0.934957
0.817256
0.834604
0.189608
0.932726
0.522313
0.725813
0.0391532
0.318371
0.0424649
0.0121966
0.156907
0.977001
0.214805
0.300244
0.52086
0.975429
0.319755
0.925846
0.978446
0.135552
0.306744
0.218526
0.695043
0.564098
0.344986
0.509859
0.735041
0.787276
0.700801
0.303531
0.352378
0.233724
0.116562
0.727353
0.726156
0.138502
0.195354
0.3425
0.300971
0.740798
0.825163
0.150392
0.905259
0.125993
0.145651
0.447698
0.617488
0.89045
0.0225145
0.918107
0.718379
0.133269
0.427183
0.420093
0.571189
0.379565
0.998352
0.573944
0.230052
0.208924
0.125802
0.0674335
0.89293
0.156552
0.964457
0.712646
0.516408
0.716407
0.94656
0.731188
0.461912
0.426071
0.48734
0.622174
0.98296
0.513952
0.937323
0.762465
0.219381
0.225994
0.331053
0.664998
0.827727
0.793294
0.00193982
0.0187105
0.352169
0.366403
0.464179
0.394225
0.584077
0.955965
0.960212
0.361966
0.34914
0.121502
0.287443
0.94319
0.662962
0.579816
0.833504
0.233782
0.582432
0.378331
0.897858
0.527465
0.72152
0.252674
0.306151
0.76939
0.00298439
0.794336
0.0627801
0.954672
0.875392
0.685038
0.628837
0.345843
0.71839
0.28345
0.604844
0.180694
0.822471
0.246214
0.868287
0.61088
0.402954
0.361959
0.218301
0.204394
0.915784
0.810755
0.422781
0.000421513
0.987754
0.101451
0.18876
0.919797
0.915332
0.835887
0.828226
0.162892
0.606199
0.269801
0.878081
0.46361
0.446677
0.264635
0.361457
0.278496
0.828592
0.783986
0.947694
0.646636
0.15315
0.306157
0.917748
0.075238
0.769978
0.25825
0.60611
0.106689
0.64482
0.230231
0.0636935
0.842669
0.166058
0.860976
0.169364
0.138554
0.281046
0.211329
0.220649
0.136332
0.427624
0.536517
0.726167
0.249883
0.708315
0.777699
0.0704765
0.0925293
0.644087
0.413332
0.205294
0.99718
0.636775
0.67039
0.605003
0.203708
0.949532
0.798255
0.616735
0.191915
0.0395213
0.174001
0.625904
0.669236
0.74344
0.699245
0.81595
0.961229
0.65975
0.566612
0.763954
0.387698
0.88301
0.00311673
0.0280149
0.448405
0.987089
0.645595
0.0591044
0.232416
0.199799
0.41972
0.218991
0.536913
0.139494
0.502693
0.982183
0.789171
0.262244
0.611525
0.625922
0.460448
0.0345481
0.619959
0.424532
0.122081
0.191439
0.54736
0.915214
0.237333
0.672874
0.970291
0.893105
0.197211
0.651014
0.451861
0.234537
0.492172
0.49335
0.953017
0.918427
0.864016
0.905137
0.3912
0.258706
0.288879
0.460165
0.612211
0.317912
0.297084
0.442017
0.209704
0.0685996
0.266723
0.808215
0.588684
0.605093
0.811134
0.502147
0.927478
0.857994
0.326617
0.282063
0.611284
0.856631
0.486834
0.763795
0.633232
0.532923
0.882624
0.818764
0.876515
0.364095
0.347608
0.966478
0.103304
0.338305
0.382875
0.27449
0.1196
0.241005
0.028918
0.988433
0.804066
0.120045
0.970624
0.408405
0.69046
0.679275
0.771654
0.102399
0.634201
0.758968
0.939449
0.0925923
0.844807
0.28894
0.0595003
0.296322
0.294163
0.961078
0.588487
0.235255
0.38889
0.0227097
0.0832073
0.358852
0.0957508
0.560612
0.624538
0.798273
0.650929
0.671804
0.254472
0.145918
0.641503
0.116394
0.213405
0.651579
0.220203
0.677842
0.695606
0.515882
0.471678
0.323994
0.233434
0.503925
0.074524
0.175068
0.053642
0.796777
0.219722
0.0451507
0.912265
0.489371
0.183102
0.650194
0.900603
0.180118
0.772334
0.446931
0.439877
0.42558
0.937993
0.753813
0.74386
0.545419
0.116126
0.0706434
0.796955
0.457731
0.819627
0.0401223
0.814432
0.676705
0.851325
0.770266
0.128199
0.404564
0.441012
0.562987
0.543535
0.84609
0.784536
0.23044
0.734411
0.943766
0.830503
0.613913
0.78081
0.911615
0.230445
0.415673
0.527048
0.367107
0.516966
0.467999
0.431585
0.812906
0.248414
0.010788
0.499429
0.229621
0.365844
0.794279
0.711355
0.354056
0.748706
0.204898
0.0892426
0.62542
0.736629
0.533046
0.898
0.998604
0.227603
0.263794
0.685199
0.523362
0.295704
0.384832
0.381546
0.972004
0.0249912
0.872282
0.408907
0.529291
0.761553
0.230022
0.736863
0.408864
0.0166103
0.377357
0.531644
0.287549
0.2575
0.929196
0.492342
0.983721
0.858772
0.667295
0.417689
0.158533
0.805775
0.880862
0.657079
0.91829
0.917782
0.394888
0.121662
0.218522
0.11467
0.492527
0.79722
0.61389
0.498986
0.464069
0.188981
0.277115
0.547228
0.445847
0.585658
0.183073
0.837923
0.152422
0.543972
0.392501
0.069022
0.800926
0.728586
0.448502
0.450094
0.171578
0.00257828
0.149577
0.0845562
0.347702
0.632859
0.819195
0.425876
0.162237
0.70655
0.393853
0.732194
0.740294
0.190874
0.431615
0.0869781
0.0264919
0.183506
0.87022
0.116101
0.20719
0.221833
0.0564419
0.851344
0.747559
0.604576
0.361751
0.338445
0.562986
0.925712
0.218179
0.127923
0.603534
0.518643
0.280182
0.861315
0.178252
0.19743
0.617378
0.17771
0.994313
0.82989
0.477664
0.00101243
0.931334
0.940478
0.468009
0.214378
0.613556
0.40084
0.29596
0.222652
0.696855
0.843804
0.369236
0.164131
0.492164
0.171738
0.68119
0.686678
0.850914
0.284667
0.775496
0.44544
0.942787
0.606944
0.594025
0.0930582
0.948714
0.475751
0.249325
0.0496261
0.857221
0.00708078
0.535071
0.914055
0.902813
0.12443
0.263675
0.602128
0.603948
0.355767
0.758067
0.826395
0.0815356
0.365627
0.184176
0.482696
0.057577
0.91436
0.629326
0.224834
0.331768
0.88043
0.385834
0.22362
0.748551
0.0967321
0.345461
0.208048
0.435909
0.29613
0.771754
0.190421
0.415457
0.990544
0.0017909
0.296483
0.207837
0.919019
0.928206
0.94124
0.0479471
0.220262
0.42014
0.796045
0.859883
0.374003
0.146702
0.726462
0.856814
0.632546
0.669904
0.187798
0.869111
0.109833
0.0369022
0.777451
0.890928
0.0998121
0.851079
0.062242
0.423721
0.653076
0.857672
0.694091
0.795561
0.131884
0.690061
0.11732
0.619152
0.469422
0.883094
0.95566
0.531418
0.813732
0.843714
0.496642
0.863795
0.767507
0.975768
0.213144
0.245387
0.522992
0.158142
0.81753
0.0608152
0.562169
0.968727
0.438192
0.553711
0.639792
0.531201
0.551951
0.257127
0.961074
0.187141
0.123752
0.0587768
0.388532
0.105614
0.144379
0.320274
0.802169
0.566915
0.628715
0.22172
0.787409
0.949267
0.286913
0.0691849
0.534248
0.737024
0.265966
0.407601
0.942339
0.0256616
0.992053
0.285555
0.843155
0.646271
0.503721
0.372931
0.0153329
0.876161
0.883507
0.766565
0.403187
0.820052
0.910659
0.800031
0.660191
0.907412
0.468349
0.516164
0.68862
0.449269
0.201571
0.809242
0.31465
0.0610489
0.452322
0.714992
0.512953
0.973632
0.73516
0.924141
0.706103
0.626409
0.905456
0.998403
0.276823
0.303984
0.0324043
0.068239
0.774771
0.0238292
0.955397
0.973497
0.132565
0.353898
0.0482193
0.798729
0.280986
0.509852
0.728305
0.789417
0.886989
0.16885
0.0604151
0.895686
0.713435
0.584762
0.929007
0.637474
0.639211
0.0424736
0.694699
0.964995
0.294808
0.00942943
0.41963
0.843514
0.885342
0.984168
0.825191
0.291563
0.51022
0.293714
0.882811
0.914314
0.00841366
0.854166
0.40492
0.221435
0.0586923
0.211179
0.0137449
0.900132
0.90999
0.658882
0.941552
0.403839
0.127551
0.473241
0.760146
0.0629855
0.879619
0.758721
0.5274
0.85133
0.787613
0.103121
0.280578
0.929117
0.864701
0.691924
0.217896
0.17529
0.894798
0.982843
0.912706
0.346439
0.922958
0.0324514
0.84384
0.443762
0.73902
0.674544
0.617802
0.772229
0.74503
0.233275
0.761078
0.964986
0.437248
0.948418
0.168561
0.910853
0.671673
0.950971
0.65103
0.873436
0.377779
0.680032
0.713317
0.300477
0.324562
0.802304
0.29225
0.645815
0.881252
0.183617
0.360723
0.657906
0.528949
0.831599
0.73809
0.56768
0.686354
0.0499528
0.0411154
0.962594
0.353424
0.0327325
0.243177
0.741939
0.22512
0.871873
0.76659
0.0689336
0.356773
0.737033
0.653857
0.851871
0.0493205
0.77216
0.67662
0.293655
0.0231543
0.438819
0.628108
0.628437
0.495663
0.382916
0.315191
0.149819
0.53379
0.948476
0.164312
0.687198
0.552811
0.705912
0.820838
0.940903
0.405557
0.167556
0.473287
0.476675
0.175021
0.66194
0.140087
0.0486723
0.561609
0.0124483
0.456434
0.237216
0.0301343
0.768136
0.826521
0.241459
0.641283
0.562044
0.51611
0.108509
0.0223981
0.43095
0.556248
0.185964
0.450041
0.496225
0.496496
0.762887
0.916355
0.639562
0.685548
0.386871
0.819479
0.252203
0.0780072
0.665675
0.770509
0.895879
0.195377
0.169498
0.553903
0.580802
0.587354
0.72741
0.261095
0.106134
0.071974
0.00432294
0.903901
0.650089
0.251049
0.622191
0.356966
0.265583
0.195461
0.408251
0.540773
0.0333363
0.912433
0.0707744
0.177865
0.816316
0.338605
0.221432
0.334541
0.833686
0.00579431
0.135751
0.740277
0.00394673
0.517829
0.95915
0.563679
0.594002
0.922207
0.205425
0.319126
0.928578
0.118139
0.935174
0.78952
0.953711
0.230534
0.620576
0.145871
0.794023
0.929678
0.492257
0.301747
0.914414
0.475465
0.125281
0.816842
0.651311
0.333513
0.674462
0.31025
0.207556
0.764857
0.505906
0.940483
0.625736
0.0427574
0.516165
0.585302
0.154611
0.821885
0.0904162
0.376364
0.471315
0.377556
0.462722
0.469116
0.746794
0.0100822
0.420232
0.923312
0.906137
0.466101
0.40191
0.402162
0.514327
0.822147
0.752697
0.304316
0.0110081
0.499908
0.935191
0.991773
0.587231
0.409243
0.972765
0.742606
0.231382
0.457244
0.397931
0.122846
0.617701
0.982716
0.564588
0.0251119
0.133332
0.924972
0.573671
0.82887
0.269021
0.596667
0.657236
0.469017
0.466732
0.0229348
0.894225
0.406696
0.651504
0.00740353
0.210681
0.288383
0.238623
0.232629
0.861769
0.821047
0.793831
0.611594
0.756949
0.918938
0.157201
0.291484
0.989449
0.521661
0.842972
0.260707
0.892848
0.225586
0.100447
0.219819
0.168791
0.167147
0.862424
0.931435
0.788291
0.718451
0.514857
0.6874
0.712362
0.700283
0.0106804
0.446755
0.889747
0.470002
0.25149
0.839908
0.233705
0.370854
0.251716
0.568701
0.727255
0.688681
0.628385
0.670049
0.922786
0.422641
0.394503
0.488564
0.739448
0.867559
0.270745
0.665363
0.149699
0.651949
0.0749569
0.967838
0.833594
0.444317
0.90301
0.399746
0.757614
0.378253
0.328323
0.94353
0.0215708
0.00941278
0.342328
0.271178
0.385862
0.603912
0.0673958
0.556582
0.840456
0.379318
0.055991
0.209741
0.0815039
0.492287
0.329738
0.946306
0.255571
0.635175
0.664074
0.785483
0.294832
0.102938
0.0172361
0.322131
0.94967
0.598326
0.731907
0.625515
0.125319
0.984522
0.275099
0.609202
0.475891
0.0866428
0.457106
0.237152
0.809133
0.766454
0.581732
0.983448
0.963965
0.920505
0.0150196
0.964812
0.719157
0.627224
0.707751
0.691158
0.366919
0.667826
0.454461
0.687766
0.603239
0.436963
0.701992
0.856365
0.282095
0.295304
0.999663
0.0894701
0.921944
0.496983
0.807239
0.697746
0.956379
0.709976
0.444703
0.81524
0.529121
0.427892
0.833498
0.712283
0.488908
0.374643
0.619239
0.264434
0.702291
0.0656983
0.620847
0.410726
0.23935
0.962986
0.334523
0.340997
0.602296
0.937104
0.535847
0.059831
0.34899
0.139363
0.520151
0.438076
0.898031
0.581356
0.909619
0.97506
0.229451
0.475878
0.381297
0.379758
0.898094
0.342767
0.951582
0.0046325
0.0777979
0.483532
0.913769
0.552049
0.391186
0.186277
0.79976
0.155126
0.813502
0.628257
0.750768
0.0231819
0.634291
0.817078
0.541695
0.243417
0.282906
0.471522
0.570858
0.376454
0.372278
0.675159
0.439344
0.918859
0.44526
0.261116
0.338825
0.60378
0.573647
0.423958
0.797921
0.929529
0.317513
0.552469
0.79574
0.831667
0.643933
0.720445
0.153967
0.725064
0.330728
0.472395
0.171924
0.494066
0.817934
0.215967
0.170516
0.0604766
0.870146
0.32341
0.564793
0.717812
0.435944
0.885037
0.869146
0.866938
0.493941
0.591046
0.108919
0.917704
0.914128
0.635065
0.0616
0.105379
0.988115
0.360808
0.0302285
0.691389
0.554372
0.500828
0.227559
0.766579
0.859518
0.7368
0.48559
0.779897
0.809228
0.0101955
0.998245
0.268178
0.288238
0.292285
0.704371
0.848618
0.474605
0.177765
0.721246
0.417758
0.584809
0.759526
0.120496
0.804034
0.0179196
0.965034
0.71177
0.0321344
0.742641
0.244374
0.108367
0.953283
0.125868
0.966684
0.583735
0.581576
0.5591
0.057194
0.257335
0.163444
0.110689
0.590342
0.042751
0.341992
0.61881
0.114411
0.698031
0.716486
0.497955
0.739746
0.446956
0.268128
0.911833
0.200763
0.58468
0.130195
0.363772
0.318421
0.646744
0.287532
0.0347776
0.90813
0.804069
0.877203
0.867481
0.61256
0.680746
0.393427
0.56384
0.561008
0.500422
0.327875
0.888134
0.797111
0.260311
0.655728
0.0768284
0.985103
0.536448
0.461436
0.0181275
0.695569
0.322423
0.197134
0.0779551
0.35785
0.515638
0.944707
0.572961
0.52989
0.123585
0.85352
0.50656
0.723518
0.123676
0.753398
0.648152
0.893139
0.349382
0.789276
0.63645
0.508212
0.304025
0.549637
0.44681
0.968017
0.0306823
0.974294
0.790287
0.22794
0.336708
0.806781
0.675776
0.0299527
0.0447935
0.359171
0.707516
0.569804
0.084293
0.0829398
0.309705
0.351379
0.000467326
0.798216
0.649124
0.256549
0.730298
0.907
0.547884
0.769393
0.401364
0.564024
0.185146
0.410496
0.298545
0.489733
0.380371
0.224613
0.775088
0.545244
0.283585
0.2077
0.582901
0.613707
0.389597
0.201024
0.078023
0.74759
0.740897
0.429894
0.856
0.845979
0.880194
0.732507
0.313881
0.199307
0.417996
0.7298
0.949446
0.34361
0.045495
0.0987369
0.500556
0.977
0.585894
0.134453
0.612173
0.73866
0.804014
0.0650669
0.66781
0.333889
0.493937
0.666424
0.287258
0.880363
0.593534
0.24318
0.571297
0.977647
0.880328
0.609642
0.501748
0.0238381
0.865183
0.0035952
0.425093
0.500951
0.485885
0.634345
0.856518
0.251056
0.638024
0.41228
0.489705
0.495389
0.124972
0.932152
0.82079
0.200695
0.162204
0.297989
0.718449
0.70718
0.447364
0.999387
0.843212
0.195782
0.0772987
0.418254
0.478346
0.835742
0.394589
0.901491
0.324458
0.876832
0.416696
0.672155
0.763487
0.352775
0.502439
0.700739
0.741228
0.503427
0.765184
0.39227
0.551856
0.617605
0.530212
0.949534
0.704041
0.317734
0.39373
0.721812
0.493866
0.836916
0.242533
0.133967
0.86175
0.397573
0.45867
0.473924
0.842208
0.481027
0.363109
0.132685
0.86314
0.247257
0.83812
0.754358
0.0722496
0.198595
0.183213
0.323747
0.801244
0.162735
0.571919
0.0781903
0.996531
0.56563
0.995443
0.809467
0.8585
0.0750323
0.128092
0.130556
0.314746
0.587809
0.721402
0.262903
0.816384
0.916767
0.187469
0.199762
0.903246
0.540388
0.0426234
0.74541
0.275984
0.624483
0.327019
0.185166
0.287509
0.00107917
0.620919
0.522897
0.293411
0.878561
0.833988
0.963222
0.89564
0.707782
0.762731
0.975773
0.0925833
0.164422
0.682245
0.295425
0.153063
0.534682
0.372389
0.953686
0.857435
0.335167
0.998951
0.527039
0.202649
0.904532
0.38425
0.633411
0.828514
0.771174
0.824455
0.77885
0.118201
0.883548
0.934001
0.580527
0.411436
0.335738
0.992874
0.904372
0.582177
0.265444
0.678285
0.952006
0.277851
0.815288
0.336487
0.919603
0.197279
0.440379
0.837046
0.913537
0.040662
0.874283
0.186791
0.804612
0.752643
0.410338
0.343966
0.920347
0.309175
0.884852
0.251244
0.545299
0.208054
0.608669
0.384957
0.0784796
0.220337
0.74015
0.30878
0.770987
0.738226
0.185093
0.428867
0.324866
0.887145
0.372254
0.185905
0.510339
0.403939
0.758264
0.141997
0.837301
0.469153
0.161582
0.838646
0.703667
0.113167
0.305895
0.130042
0.0247017
0.844409
0.20306
0.483904
0.87194
0.153654
0.825178
0.802889
0.739169
0.310781
0.767429
0.978141
0.92236
0.816192
0.625428
0.570636
0.152183
0.462041
0.859951
0.766908
0.755124
0.291342
0.312301
0.82358
0.739775
0.851965
0.115432
0.283786
0.707608
0.20544
0.442246
0.993075
0.856423
0.55612
0.561787
0.658098
0.725427
0.610641
0.00621347
0.558081
0.0569281
0.197711
0.746906
0.0533984
0.456731
0.0237239
0.467471
0.68449
0.790321
0.893682
0.204657
0.564055
0.0801424
0.991579
0.987078
0.724984
0.505167
0.819481
0.193644
0.716289
0.0731584
0.285892
0.691827
0.220184
0.0349404
0.0902875
0.269125
0.491861
0.524603
0.310217
0.538279
0.0269467
0.698667
0.816277
0.878198
0.95216
0.187625
0.113633
0.256948
0.180492
0.947547
0.0378886
0.599424
0.386128
0.918072
0.705552
0.572228
0.995365
0.78269
0.357928
0.548933
0.526728
0.338935
0.251037
0.160735
0.328788
0.735684
0.716354
0.965171
0.942354
0.0912492
0.304321
0.237781
0.353244
0.919133
0.445404
0.204808
0.769442
0.588985
0.277961
0.358296
0.297472
0.0771388
0.276236
0.711556
0.666928
0.746348
0.222428
0.90391
0.0655986
0.90069
0.696919
0.106745
0.0427465
0.183821
0.111977
0.781695
0.0667115
0.834871
0.259001
0.641234
0.340742
0.894754
0.872054
0.924215
0.558363
0.0803044
0.399841
0.443217
0.0838516
0.0833457
0.252606
0.486094
0.30607
0.909675
0.204548
0.981283
0.341656
0.59911
0.384353
0.442966
0.283823
0.387399
0.306464
0.613195
0.812135
0.275729
0.179376
0.247263
0.353235
0.121106
0.265422
0.93363
0.5583
0.88176
0.166661
0.723328
0.601477
0.0483906
0.399547
0.878648
0.536867
0.824256
0.483986
0.689051
0.234103
0.683663
0.717587
0.847326
0.446025
0.919221
0.785851
0.832328
0.486623
0.415983
0.286169
0.946547
0.252618
0.341437
0.831726
0.14272
0.604257
0.139098
0.895313
0.376439
0.307811
0.583985
0.528274
0.286495
0.938756
0.927316
0.456897
0.929178
0.368281
0.997256
0.266379
0.335351
0.506157
0.793218
0.506303
0.188799
0.994393
0.847899
0.28383
0.614935
0.756433
0.83131
0.248176
0.403265
0.548899
0.348477
0.687311
0.290233
0.532227
0.130182
0.79516
0.967878
0.20795
0.167953
0.509107
0.846317
0.22488
0.161008
0.138217
0.436168
0.210007
0.17917
0.0346247
0.292816
0.219398
0.99898
0.974794
0.986959
0.499376
0.523572
0.0797654
0.0298546
0.718151
0.284118
0.0954589
0.988212
0.59873
0.713205
0.253036
0.350679
0.459416
0.244533
0.494258
0.715511
0.765092
0.0474676
0.652401
0.0282054
0.456033
0.671952
0.504432
0.757115
0.198432
0.358991
0.183489
0.480264
0.833786
0.433319
0.887389
0.488927
0.443337
0.200936
0.1244
0.515069
0.389672
0.981735
0.17059
0.0173063
0.67897
0.494631
0.145611
0.693669
0.256894
0.335543
0.0221439
0.375831
0.278669
0.223347
0.316639
0.505002
0.591677
0.795204
0.487219
0.281539
0.422611
0.580025
0.995747
0.822299
0.0284729
0.449779
0.325311
0.528054
0.3272
0.0153567
0.563433
0.439655
0.413855
0.118481
0.937045
0.143513
0.732947
0.772946
0.441032
0.486969
0.650945
0.343672
0.131656
0.00306521
0.741869
0.531787
0.881928
0.317731
0.934427
0.705051
0.49865
0.62839
0.944179
0.502418
0.59143
0.804732
0.667431
0.29547
0.0843978
0.258909
0.61561
0.214102
0.00441428
0.62225
0.189208
0.0517502
0.382629
0.704984
0.570941
0.360549
0.712693
0.269689
0.858384
0.662951
0.570658
0.512794
0.83038
0.951488
0.592198
0.857131
0.285853
0.944859
0.365023
0.0822378
0.829006
0.0544877
0.268137
0.771709
0.877662
0.180009
0.480864
0.193831
0.933105
0.611344
0.865476
0.877643
0.423259
0.683792
0.290552
0.274813
0.532252
0.119331
0.0448918
0.182155
0.71495
0.389464
0.799469
0.961408
0.305942
0.14891
0.725925
0.312494
0.510974
0.0524887
0.963406
0.388611
0.0104842
0.900465
0.0738753
0.711166
0.0726521
0.624466
0.331542
0.387225
0.749853
0.475385
0.426014
0.147918
0.519555
0.586308
0.497077
0.799169
0.307563
0.509877
0.381544
0.984488
0.862612
0.793214
0.931599
0.551645
0.286708
0.31684
0.274232
0.494415
0.506661
0.200159
0.31767
0.482234
0.879267
0.339184
0.590757
0.345568
0.958015
0.217637
0.504781
0.509774
0.0741739
0.00393039
0.732607
0.226299
0.867942
0.626064
0.287106
0.796845
0.178201
0.564703
0.266397
0.123138
0.754919
0.0367451
0.582889
0.613604
0.0399716
0.196596
0.173489
0.345956
0.942839
0.659805
0.376891
0.815545
0.113071
0.996182
0.462236
0.279857
0.240376
0.967331
0.336099
0.843599
0.876383
0.235524
0.7139
0.0802205
0.0901965
0.097787
0.287875
0.137111
0.506573
0.194044
0.888328
0.228012
0.584209
0.0490988
0.592131
0.0241291
0.815044
0.0076506
0.157821
0.66807
0.951934
0.109447
0.947367
0.860389
0.743776
0.390098
0.412441
0.456374
0.775302
0.13561
0.869405
0.0208764
0.229047
0.807278
0.177521
0.27996
0.552181
0.387815
0.229076
0.288743
0.864286
0.936409
0.0498942
0.64662
0.162163
0.737586
0.0704709
0.779951
0.466163
0.662095
0.341545
0.971861
0.740847
0.854252
0.96053
0.90532
0.455584
0.20737
0.165275
0.835584
0.971873
0.112561
0.728755
0.634831
0.830887
0.31332
0.31462
0.509912
0.748372
0.440577
0.193484
0.247041
0.407948
0.524601
0.315514
0.300109
0.593112
0.115027
0.676429
0.759003
0.776577
0.503441
0.838707
0.965875
0.590178
0.361655
0.32107
0.935062
0.207363
0.229553
0.106198
0.492446
0.547599
0.226969
0.366528
0.916997
0.713613
0.575516
0.0825143
0.729162
0.834145
0.175391
0.987313
0.210251
0.342316
0.981674
0.437694
0.748696
0.881461
0.708535
0.0181729
0.930791
0.688201
0.00668134
0.129925
0.795057
0.547568
0.93388
0.655484
0.505043
0.126087
0.143825
0.902533
0.353392
0.548456
0.44814
0.797996
0.204074
0.560106
0.121518
0.668447
0.161609
0.637971
0.456978
0.309682
0.132318
0.236433
0.0899783
0.993793
0.487098
0.35602
0.174529
0.201407
0.16078
0.143802
0.255254
0.728447
0.12486
0.974551
0.913091
0.688412
0.276191
0.171375
0.972655
0.16882
0.247876
0.849573
0.957375
0.199786
0.627593
0.795551
0.847952
0.481314
0.107583
0.62573
0.697698
0.556901
0.888542
0.12762
0.559458
0.230219
0.126099
0.985117
0.302641
0.597346
0.091186
0.305264
0.583208
0.462128
0.492438
0.109702
0.151095
0.488583
0.894754
0.611891
0.00995357
0.431311
0.203752
0.684133
0.189445
0.125796
0.314193
0.0531888
0.148658
0.689009
0.508912
0.932467
0.609897
0.65479
0.238214
0.551262
0.0571064
0.55867
0.826059
0.55425
0.677637
0.866743
0.093419
0.733229
0.454024
0.962749
0.180814
0.688402
0.772171
0.236792
0.555639
0.939068
0.346551
0.805781
0.778382
0.012168
0.146541
0.844471
0.175915
0.151451
0.221869
0.33307
0.26957
0.292833
0.419372
0.0455185
0.660048
0.578602
0.396967
0.327657
0.982775
0.393967
0.942922
0.486835
0.312425
0.546188
0.590189
0.119158
0.0771855
0.171555
0.552799
0.198186
0.131921
0.969001
0.539527
0.421718
0.385609
0.97605
0.680075
0.410314
0.208564
0.396356
0.988769
0.700861
0.546161
0.546339
0.750897
0.421717
0.00771577
0.606854
0.103705
0.900177
0.196388
0.0638246
0.132259
0.186851
0.907907
0.40778
0.289497
0.183966
0.663353
0.229416
0.136793
0.0236027
0.658903
0.52126
0.478047
0.460117
0.349864
0.875317
0.80837
0.291435
0.23994
0.28857
0.350746
0.285876
0.543415
0.085945
0.363802
0.0311627
0.278494
0.989862
0.378861
0.395835
0.428727
0.588331
0.89247
0.403993
0.294682
0.464512
0.869997
0.455956
0.114475
0.91259
0.412871
0.0776278
0.396125
0.188861
0.984949
0.238225
0.618568
0.413516
0.252675
0.375648
0.98094
0.0348613
0.623287
0.295655
0.009189
0.50301
0.963999
0.61818
0.50373
0.711915
0.264329
0.864163
0.437841
0.0819358
0.178284
0.128887
0.691606
0.0678181
0.476189
0.540609
0.0731359
0.817351
0.600752
0.641266
0.655744
0.647745
0.480027
0.0218172
0.366191
0.969901
0.539702
0.131962
0.946492
0.250675
0.559776
0.895515
0.310526
0.202221
0.768693
0.668435
0.299792
0.487176
0.901912
0.255793
0.757908
0.847679
0.364775
0.640729
0.096483
0.654247
0.640569
0.892704
0.37802
0.120965
0.381873
0.859784
0.561882
0.163391
0.107136
0.183314
0.958759
0.119879
0.692091
0.580337
0.854513
0.246511
0.637283
0.363719
0.209012
0.462248
0.271966
0.479468
0.248385
0.600607
0.622422
0.723469
0.813043
0.55333
0.288768
0.693199
0.576046
0.319915
0.655236
0.388341
0.606842
0.77538
0.737256
0.719443
0.892277
0.269635
0.420513
0.376192
0.378549
0.790679
0.077522
0.974096
0.739458
0.303401
0.097373
0.976268
0.739665
0.101357
0.128122
0.645219
0.260903
0.532805
0.00202968
0.333311
0.548899
0.456954
0.0580751
0.214103
0.837893
0.967961
0.343008
0.245156
0.128987
0.998609
0.32983
0.537471
0.109921
0.288318
0.351328
0.783441
0.579695
0.292193
0.398741
0.372378
0.617287
0.516132
0.858847
0.628717
0.297468
0.335439
0.150727
0.927816
0.210262
0.0990591
0.119773
0.139328
0.727658
0.824011
0.839744
0.36674
0.802677
0.992319
0.38392
0.0185739
0.804254
0.645405
0.466512
0.284977
0.892325
0.362157
0.933127
0.50416
0.994136
0.987045
0.947147
0.354698
0.837317
0.453994
0.903998
0.36802
0.182217
0.899848
0.525493
0.601434
0.449725
0.984677
0.700419
0.991156
0.386199
0.790422
0.0805279
0.577046
0.931509
0.16662
0.613096
0.804605
0.400354
0.986383
0.79853
0.0883868
0.788374
0.102079
0.121401
0.315896
0.149519
0.515389
0.267538
0.62523
0.82938
0.401826
0.651766
0.0222583
0.104859
0.499938
0.481018
0.0779201
0.240474
0.0449014
0.561649
0.706769
0.791453
0.626362
0.418588
0.414573
0.417336
0.453322
0.528155
0.721319
0.359258
0.129561
0.293501
0.304341
0.396646
0.483731
0.739531
0.363057
0.583483
0.211168
0.205986
0.546824
0.825359
0.126533
0.614364
0.903041
0.884964
0.142694
0.312083
0.426213
0.176635
0.217393
0.0579343
0.637607
0.535611
0.05988
0.316617
0.0515893
0.15893
0.515817
0.34928
0.513812
0.382783
0.221429
0.0263327
0.152099
0.872842
0.362713
0.434307
0.973763
0.0791437
0.454725
0.901985
0.364906
0.368836
0.824834
0.0889971
0.216969
0.567331
0.64983
0.861435
0.775762
0.708505
0.175454
0.489656
0.595426
0.491044
0.138816
0.744036
0.0665091
0.681351
0.582831
0.845454
0.871918
0.553326
0.573933
0.806354
0.293745
0.540227
0.267136
0.685418
0.138503
0.626498
0.410817
0.35014
0.620585
0.411029
0.649538
0.898081
0.220528
0.543376
0.475138
0.127579
0.824172
0.726314
0.66814
0.319743
0.740835
0.274806
0.120062
0.877445
0.043619
0.800444
0.998242
0.972117
0.352687
0.949929
0.60402
0.183979
0.23224
0.635665
0.531802
0.99336
0.154841
0.482078
0.645544
0.230863
0.507378
0.820161
0.45577
0.510599
0.357211
0.517684
0.963468
0.690829
0.461631
0.503344
0.494963
0.999275
0.675933
0.401364
0.782023
0.00199416
0.817443
0.0653255
0.0490098
0.0549488
0.347322
0.890507
0.212919
0.151758
0.177051
0.426568
0.19753
0.142819
0.0634313
0.0776529
0.33713
0.555078
0.150591
0.0742725
0.723992
0.0865004
0.517016
0.449703
0.188522
0.104492
0.61032
0.0258759
0.539813
0.411859
0.0979085
0.65146
0.948971
0.142502
0.488116
0.315341
0.617404
0.543022
0.807938
0.453975
0.72486
0.040459
0.424109
0.526647
0.0513498
0.904776
0.371887
0.134509
0.958334
0.176914
0.436512
0.686123
0.151914
0.488139
0.0847957
0.88214
0.798804
0.483435
0.680429
0.44261
0.118006
0.0177387
0.863842
0.129918
0.811929
0.00296783
0.436471
0.571759
0.818722
0.744854
0.244199
0.438038
0.311917
0.965462
0.346211
0.800774
0.947783
0.030386
0.281974
0.74676
0.999048
0.196077
0.968844
0.852459
0.126331
0.313305
0.713731
0.236548
0.780307
0.860782
0.385018
0.814512
0.752701
0.478533
0.891744
0.805382
0.0769085
0.547108
0.760149
0.617691
0.505863
0.756567
0.825967
0.912422
0.932842
0.871259
0.929085
0.235297
0.0739023
0.894987
0.0597596
0.751642
0.528025
0.52693
0.424398
0.756473
0.480014
0.897973
0.71813
0.0534255
0.458536
0.69566
0.19632
0.148391
0.28216
0.0450884
0.547883
0.0128044
0.491535
0.22899
0.183066
0.47103
0.784421
0.470418
0.529113
0.906262
0.0628809
0.838778
0.518831
0.922981
0.806394
0.432823
0.795557
0.750265
0.808895
0.0489439
0.0862395
0.488271
0.0261278
0.434215
0.486245
0.435249
0.822117
0.681747
0.0215638
0.0524776
0.284153
0.979891
0.580863
0.42231
0.660594
0.927186
0.551746
0.634951
0.282182
0.408354
0.819356
0.810962
0.0737545
0.22914
0.529651
0.712682
0.0762679
0.571383
0.866637
0.0228704
0.30814
0.66724
0.431998
0.118346
0.657552
0.662709
0.843489
0.196162
0.875005
0.538595
0.220052
0.13863
0.596223
0.704099
0.976054
0.38452
0.655674
0.692654
0.35534
0.115982
0.811524
0.790013
0.402288
0.806931
0.794391
0.356506
0.00269025
0.436225
0.741296
0.703749
0.455887
0.965186
0.694152
0.254368
0.840122
0.935391
0.295365
0.632407
0.892993
0.667546
0.739298
0.264487
0.647758
0.597889
0.420705
0.810583
0.621681
0.567099
0.666776
0.839467
0.97994
0.740875
0.626421
0.903484
0.403691
0.973285
0.361057
0.983754
0.028907
0.212667
0.769404
0.881383
0.297715
0.102483
0.0384465
0.362921
0.617616
0.0976022
0.831399
0.760863
0.349895
0.512095
0.620265
0.162848
0.360059
0.116443
0.214646
0.552153
0.526749
0.169855
0.378334
0.744566
0.742977
0.571695
0.951187
0.00360457
0.62588
0.569126
0.802022
0.00287915
0.430554
0.198378
0.216163
0.185969
0.246342
0.817177
0.307402
0.133585
0.164498
0.306407
0.0516497
0.497641
0.913458
0.0210722
0.320129
0.778058
0.469369
0.194937
0.918135
0.795127
0.45192
0.774027
0.342056
0.939502
0.26264
0.0154586
0.960546
0.107815
0.636465
0.866514
0.2992
0.556387
0.737196
0.192398
0.362676
0.778949
0.409316
0.58665
0.985434
0.655697
0.678192
0.910159
0.742344
0.955878
0.320241
0.129168
0.954312
0.53666
0.748974
0.385611
0.0769465
0.281984
0.651213
0.967586
0.893935
0.819994
0.363797
0.562285
0.209205
0.258235
0.763567
0.771242
0.254363
0.639989
0.353837
0.467746
0.0572392
0.406512
0.216659
0.613939
0.0718716
0.832845
0.012627
0.723962
0.650792
0.84951
0.153337
0.638099
0.0650911
0.190812
0.891426
0.690488
0.452427
0.271197
0.0240444
0.236401
0.0386169
0.267659
0.278341
0.224514
0.704105
0.558769
0.100453
0.944466
0.525827
0.582503
0.431835
0.736191
0.900698
0.742691
0.298817
0.768284
0.910832
0.514407
0.976602
0.743988
0.43443
0.119357
0.0745844
0.944812
0.404984
0.229589
0.156878
0.0813394
0.815033
0.684748
0.355829
0.324468
0.195426
0.382008
0.664676
0.262169
0.928997
0.257021
0.972736
0.00556126
0.704117
0.989271
0.804362
0.905719
0.362767
0.13174
0.0818269
0.906078
0.934373
0.450612
0.756427
0.586908
0.501382
0.992383
0.167948
0.137314
0.409222
0.709555
0.00735465
0.0860291
0.110206
0.0720243
0.650485
0.0641141
0.64788
0.501446
0.466652
0.933753
0.00156071
0.825922
0.432465
0.770815
0.757372
0.903285
0.693704
0.283735
0.713507
0.276778
0.108824
0.611109
0.715842
0.839279
0.283501
0.861415
0.467267
0.427626
0.0947328
0.988992
0.0910753
0.0896672
0.444997
0.369337
0.604678
0.0313812
0.0868848
0.787633
0.990598
0.120925
0.369223
0.126039
0.171769
0.133635
0.850099
0.668129
0.37096
0.163323
0.0791855
0.449047
0.210849
0.509547
0.587196
0.759574
0.0970998
0.952303
0.0164562
0.82505
0.144368
0.107345
0.563076
0.912127
0.115315
0.182645
0.194376
0.361077
0.573747
0.848786
0.521365
0.130905
0.283863
0.283791
0.043836
0.782455
0.0168156
0.0669641
0.33572
0.773672
0.410892
0.15464
0.953599
0.244788
0.607909
0.820978
0.465027
0.238616
0.243184
0.541874
0.0216965
0.858546
0.0592737
0.954852
0.0611309
0.075695
0.414012
0.630565
0.727499
0.71431
0.249023
0.565847
0.50464
0.403182
0.20435
0.319822
0.496116
0.24924
0.650781
0.0261447
0.721584
0.937162
0.526531
0.142208
0.549278
0.655688
0.468123
0.113946
0.58858
0.748641
0.13102
0.884375
0.914692
0.97644
0.754425
0.99959
0.562916
0.230043
0.121156
0.570617
0.182746
0.089905
0.782502
0.87865
0.654728
0.452157
0.420092
0.249973
0.806488
0.110954
0.945662
0.153128
0.609593
0.909112
0.843449
0.702786
0.614873
0.321083
0.796682
0.387536
0.326709
0.915604
0.642633
0.49905
0.421463
0.0105838
0.823129
0.673669
0.214227
0.254492
0.249945
0.742367
0.25807
0.181413
0.10956
0.590949
0.626987
0.936805
0.664068
0.451606
0.361599
0.0395375
0.996618
0.501153
0.0543277
0.164295
0.613274
0.975205
0.537586
0.0703725
0.666403
0.417843
0.157293
0.176178
0.510334
0.849674
0.685929
0.233465
0.169043
0.243722
0.868876
0.787683
0.296899
0.728233
0.0252454
0.194501
0.688419
0.243785
0.798479
0.947108
0.931253
0.376506
0.507928
0.941268
0.942424
0.130945
0.501304
0.0269046
0.402302
0.00148042
0.78743
0.286227
0.498977
0.63696
0.26837
0.8126
0.657089
0.933785
0.0618446
0.912726
0.108928
0.127949
0.427876
0.740146
0.299174
0.367903
0.801775
0.923902
0.315177
0.579758
0.923777
0.598289
0.555038
0.484566
0.440095
0.709821
0.0677015
0.86573
0.775477
0.735813
0.411784
0.733552
0.941408
0.771087
0.967508
0.936133
0.721461
0.824379
0.441841
0.992116
0.0271641
0.579793
0.0072274
0.116952
0.672432
0.453768
0.101372
0.310286
0.0390521
0.825275
0.56161
0.93381
0.53243
0.195166
0.450999
0.343844
0.938114
0.642455
0.253935
0.474807
0.31303
0.859735
0.0732255
0.575787
0.64412
0.922043
0.0181327
0.215442
0.531068
0.506633
0.148574
0.037008
0.444289
0.0862864
0.213394
0.599248
0.278954
0.0149529
0.295069
0.754673
0.971796
0.683019
0.0954313
0.307515
0.174784
0.709092
0.835694
0.473389
0.0222991
0.917443
0.760894
0.165166
0.391374
0.46536
0.338067
0.348404
0.795393
0.844431
0.93305
0.332662
0.0637785
0.425631
0.72136
0.294806
0.533153
0.222736
0.743793
0.775775
0.870091
0.410393
0.931155
0.471861
0.548604
0.40294
0.0292327
0.148812
0.805389
0.620728
0.0961613
0.784141
0.631321
0.82733
0.793969
0.419696
0.626305
0.306095
0.795697
0.931411
0.233774
0.743011
0.329559
0.108919
0.521752
0.80247
0.76192
0.608636
0.338667
0.707761
0.38052
0.911049
0.0321599
0.135633
0.747552
0.304797
0.655102
0.960937
0.923061
0.352565
0.37212
0.811348
0.0963572
0.547846
0.12589
0.395492
0.713116
0.414426
0.552614
0.975092
0.558039
0.114321
0.83178
0.0012606
0.780421
0.958204
0.690353
0.695178
0.93248
0.886425
0.888637
0.647242
0.872354
0.260157
0.340758
0.491071
0.657495
0.690021
0.402346
0.844812
0.301781
0.125481
0.0125159
0.0700179
0.866672
0.852588
0.879268
0.265351
0.417374
0.782821
0.350713
0.873001
0.966938
0.416
0.232984
0.696634
0.262384
0.444893
0.61219
0.192164
0.278145
0.222029
0.368228
0.356753
0.0850439
0.795548
0.947823
0.485321
0.260283
0.771383
0.862679
0.718656
0.93309
0.0478798
0.263305
0.226371
0.565724
0.81606
0.183482
0.268626
0.694082
0.980956
0.153525
0.414286
0.0529036
0.0615972
0.0789847
0.554242
0.723615
0.443878
0.73313
0.962871
0.0360698
0.841932
0.259278
0.885291
0.724885
0.48712
0.458758
0.724307
0.448206
0.853135
0.412501
0.545327
0.525199
0.938579
0.42045
0.315386
0.0229721
0.380277
0.681238
0.953303
0.527996
0.171503
0.585388
0.381713
0.504833
0.10056
0.0290794
0.21188
0.454297
0.351262
0.271705
0.914334
0.632314
0.741005
0.845954
0.64941
0.679878
0.305636
0.592775
0.309543
0.285328
0.398511
0.0546229
0.296556
0.414624
0.679211
0.64257
0.355831
0.615344
0.956026
0.0988543
0.0443537
0.918171
0.139896
0.573484
0.0446943
0.814543
0.89908
0.590568
0.335616
0.924725
0.129215
0.973275
0.00863344
0.513072
0.984112
0.00873876
0.440797
0.304492
0.900308
0.67897
0.663954
0.903426
0.286038
0.0552964
0.224315
0.642864
0.251493
0.0365563
0.676365
0.886719
0.164263
0.794681
0.202628
0.96915
0.567846
0.475773
0.530575
0.635948
0.402998
0.979798
0.852613
0.513802
0.809771
0.370465
0.0174658
0.359624
0.339426
0.794799
0.433946
0.924373
0.822496
0.214615
0.908234
0.137397
0.656052
0.208186
0.0784736
0.9376
0.00683316
0.519085
0.194184
0.860777
0.823245
0.161622
0.963114
0.346236
0.200811
0.0554618
0.888987
0.632468
0.323099
0.643095
0.0223384
0.893179
0.539662
0.863026
0.433598
0.565399
0.540773
0.850432
0.612626
0.386776
0.385537
0.725758
0.896664
0.692069
0.701258
0.474536
0.144804
0.85029
0.253411
0.757834
0.494774
0.934509
0.224544
0.722073
0.297371
0.855679
0.416304
0.525341
0.963972
0.164978
0.885499
0.774087
0.552473
0.895394
0.689755
0.221565
0.36062
0.432197
0.311444
0.583615
0.109323
0.411942
0.769712
0.991925
0.573464
0.012889
0.0204822
0.730652
0.419329
0.478594
0.757453
0.972309
0.464134
0.807365
0.239553
0.241326
0.0922454
0.617908
0.483777
0.00138326
0.339395
0.0721498
0.311913
0.149899
0.330653
0.410637
0.196037
0.827473
0.457359
0.0983153
0.12885
0.113661
0.274775
0.731864
0.365794
0.538718
0.483436
0.290953
0.444448
0.934198
0.994081
0.94838
0.637367
0.188344
0.408811
0.0512288
0.324078
0.603046
0.167657
0.557825
0.91367
0.781554
0.400175
0.414332
0.275451
0.859961
0.331473
0.939911
0.573578
0.505185
0.465049
0.100412
0.983147
0.976466
0.657406
0.609002
0.640862
0.133005
0.503223
0.535779
0.269271
0.71557
0.791333
0.595716
0.548057
0.172348
0.24974
0.296816
0.926251
0.948604
0.172245
0.775188
0.363096
0.89431
0.297341
0.778733
0.949044
0.681462
0.375922
0.472599
0.063812
0.899151
0.771569
0.121411
0.409306
0.427729
0.528743
0.340585
0.228487
0.788864
0.910938
0.755755
0.197143
0.924387
0.925984
0.574857
0.108864
0.664266
0.152364
0.800869
0.620868
0.321096
0.279034
0.342881
0.320998
0.924029
0.741779
0.164957
0.785974
0.0410674
0.837531
0.42941
0.753882
0.395104
0.791814
0.0162221
0.371237
0.410235
0.263996
0.50254
0.521673
0.870916
0.848456
0.432034
0.314216
0.672957
0.857343
0.487787
0.743164
0.144119
0.493333
0.724038
0.541032
0.00675947
0.600555
0.979341
0.133547
0.559608
0.64234
0.731837
0.613768
0.251427
0.261991
0.0250572
0.539008
0.324756
0.525282
0.633746
0.943926
0.666318
0.590609
0.960127
0.444145
0.453441
0.126911
0.435657
0.538354
0.0289336
0.630383
0.963132
0.786277
0.81487
0.806297
0.124902
0.764331
0.158767
0.7536
0.66494
0.159544
0.443542
0.41618
0.880535
0.283756
0.562717
0.367462
0.973666
0.203298
0.435038
0.181508
0.85206
0.854655
0.676807
0.440477
0.285109
0.120164
0.846138
0.605016
0.729091
0.449373
0.694808
0.767958
0.628509
0.955118
0.765488
0.0763728
0.0740595
0.946366
0.635317
0.607065
0.659489
0.0522067
0.6021
0.324808
0.433289
0.165968
0.350868
0.887566
0.940581
0.605232
0.762052
0.404221
0.654517
0.170449
0.486854
0.182906
0.756105
0.291278
0.313653
0.25029
0.475619
0.367238
0.566823
0.807605
0.647136
0.609522
0.616908
0.363208
0.276695
0.211085
0.772635
0.0974285
0.984634
0.806794
0.875144
0.935598
0.807171
0.265697
0.639196
0.0902983
0.289454
0.923364
0.228756
0.0981449
0.473608
0.670077
0.233448
0.704619
0.135727
0.60859
0.637564
0.922649
0.0445975
0.256811
0.388927
0.507446
0.122985
0.201572
0.379748
0.553013
0.0085558
0.673159
0.660285
0.353446
0.37815
0.265838
0.776008
0.0676087
0.406384
0.899184
0.804819
0.208862
0.741764
0.268167
0.454889
0.279749
0.658818
0.0679523
0.894538
0.0986361
0.158107
0.580779
0.114897
0.0534311
0.00265576
0.421069
0.0713334
0.938086
0.0045934
0.38931
0.516525
0.757813
0.497801
0.226792
0.401138
0.106784
0.571614
0.696975
0.140872
0.973182
0.3291
0.268903
0.184059
0.694011
0.303398
0.544997
0.839231
0.922462
0.6377
0.484465
0.111291
0.760663
0.888617
0.554583
0.163979
0.200902
0.092718
0.722719
0.412429
0.760916
0.348409
0.896782
0.38414
0.553468
0.567096
0.583126
0.621369
0.404578
0.729247
0.866317
0.477896
0.622027
0.898624
0.908694
0.478526
0.0587221
0.360594
0.669947
0.409862
0.231387
0.111728
0.0414545
0.591703
0.351234
0.913548
0.350278
0.307835
0.44228
0.755679
0.206418
0.368515
0.647009
0.32779
0.722013
0.121964
0.562609
0.228498
0.055629
0.00247618
0.951481
0.897618
0.121523
0.240505
0.206382
0.08913
0.909747
0.642545
0.0610503
0.0619522
0.209244
0.835056
0.307909
0.754518
0.340908
0.663089
0.356162
0.663101
0.851595
0.623048
0.117925
0.879307
0.485528
0.0495018
0.277299
0.830769
0.453327
0.336127
0.136635
0.0386535
0.920396
0.308494
0.216596
0.0296437
0.576916
0.341158
0.664743
0.353887
0.648115
0.860099
0.266615
0.441272
0.838345
0.826236
0.781764
0.680433
0.549293
0.28836
0.164033
0.312537
0.999884
0.909231
0.82624
0.707128
0.837795
0.341105
0.0106024
0.536095
0.304986
0.798337
0.212093
0.677049
0.876134
0.357079
0.368864
0.827728
0.817564
0.388466
0.851843
0.279657
0.857164
0.898356
0.0254655
0.408703
0.485949
0.443857
0.678882
0.980416
0.257328
0.963648
0.281753
0.290284
0.33974
0.979457
0.330243
0.06544
0.331575
0.946617
0.204562
0.313511
0.51428
0.682928
0.839576
0.487562
0.24399
0.512104
0.88119
0.753353
0.714063
0.413676
0.569203
0.846172
0.574627
0.796828
0.339054
0.311812
0.0390287
0.932551
0.657489
0.91751
0.0745955
0.0923917
0.68401
0.749933
0.432864
0.630753
0.79136
0.279825
0.0635599
0.199622
0.176054
0.468786
0.334345
0.85182
0.587648
0.647475
0.320881
0.940375
0.185782
0.411002
0.230612
0.853042
0.0257402
0.156709
0.884828
0.837627
0.770807
0.178219
0.438127
0.176056
0.227697
0.55805
0.0264019
0.590163
0.280116
0.271751
0.0159178
0.86859
0.629914
0.538936
0.0375796
0.889428
0.00870806
0.549142
0.804515
0.397648
0.0901087
0.383836
0.485485
0.212368
0.757787
0.80723
0.734289
0.53389
0.13379
0.450365
0.258429
0.0133763
0.322766
0.0467748
0.837665
0.96193
0.221315
0.025684
0.0184858
0.498753
0.776506
0.931944
0.508054
0.802758
0.46965
0.215169
0.0730756
0.553293
0.970796
0.10137
0.434098
0.665026
0.608752
0.319923
0.529483
0.669116
0.30097
0.588826
0.172078
0.0520019
0.550202
0.90179
0.0200913
0.0996497
0.762603
0.568134
0.404896
0.197075
0.929494
0.314311
0.149006
0.739901
0.604281
0.679776
0.495796
0.0855855
0.244498
0.776587
0.276256
0.771547
0.344777
0.338573
0.409988
0.528128
0.622712
0.74914
0.678967
0.480797
0.429415
0.986254
0.285207
0.557166
0.844935
0.974141
0.428314
0.316575
0.788443
0.851676
0.771664
0.188302
0.864346
0.447844
0.0359887
0.912242
0.0893458
0.340554
0.761758
0.93787
0.318417
0.00630538
0.857184
0.0685333
0.203867
0.145168
0.316046
0.937619
0.633896
0.020909
0.367899
0.141162
0.173285
0.814173
0.305178
0.986384
0.536476
0.189033
0.829888
0.77213
0.0487379
0.919247
0.851894
0.940148
0.632295
0.592302
0.184292
0.256981
0.835977
0.514012
0.212542
0.696806
0.130798
0.896554
0.849723
0.810673
0.938581
0.78892
0.265039
0.0688751
0.295018
0.728887
0.845472
0.30939
0.298607
0.420472
0.0140814
0.505696
0.733295
0.0168145
0.0882808
0.914589
0.229754
0.810778
0.958292
0.814364
0.346905
0.622143
0.237592
0.275599
0.133598
0.00965448
0.615276
0.398304
0.647786
0.734437
0.792481
0.798681
0.749552
0.141585
0.202014
0.515945
0.322489
0.691133
0.288479
0.800824
0.124161
0.924461
0.66199
0.189155
0.703767
0.168985
0.528569
0.0733026
0.654335
0.846974
0.326569
0.0695735
0.00327752
0.672854
0.510659
0.495353
0.622311
0.761059
0.983172
0.0149258
0.325131
0.544584
0.551339
0.895202
0.785576
0.301617
0.33598
0.108922
0.932032
0.497609
0.100493
0.412693
0.769374
0.187762
0.352181
0.574599
0.668188
0.414207
0.532664
0.581857
0.27735
0.940511
0.507623
0.313546
0.597307
0.814102
0.970049
0.624704
0.900699
0.427666
0.992342
0.6368
0.822626
0.490573
0.561745
0.675833
0.276031
0.589576
0.997819
0.985135
0.985992
0.75832
0.935552
0.301772
0.947349
0.970755
0.131884
0.294057
0.60328
0.99303
0.135704
0.0268389
0.675649
0.959293
0.992122
0.986619
0.188443
0.490212
0.0415779
0.408798
0.973461
0.387864
0.487475
0.718985
0.164664
0.249164
0.702655
0.644204
0.536095
0.900064
0.146079
0.0743227
0.491405
0.704669
0.0643312
0.483743
0.432758
0.473432
0.22432
0.940836
0.995427
0.451712
0.193246
0.843857
0.803864
0.954018
0.953883
0.705823
0.863906
0.708529
0.361923
0.264867
0.24367
0.0861485
0.218455
0.780622
0.0657412
0.479942
0.207289
0.797184
0.691108
0.825413
0.736522
0.0429475
0.37382
0.45981
0.0144174
0.12942
0.210721
0.238202
0.507454
0.0248276
0.943263
0.296627
0.139061
0.403162
0.156495
0.889332
0.878912
0.375711
0.00974134
0.46094
0.217265
0.645407
0.212438
0.174691
0.201438
0.808383
0.102522
0.451734
0.946015
0.199037
0.0685845
0.213729
0.59675
0.755769
0.708139
0.720115
0.738734
0.114739
0.160224
0.835933
0.404295
0.393855
0.520275
0.492763
0.227239
0.000576828
0.337793
0.254876
0.0119412
0.324871
0.141632
0.279814
0.889451
0.983716
0.0972408
0.582551
0.179521
0.915861
0.525436
0.179819
0.655402
0.436419
0.523216
0.00565385
0.408199
0.561497
0.828951
0.0145683
0.747614
0.280871
0.457867
0.471619
0.668583
0.0808159
0.729692
0.652377
0.816199
0.401165
0.934088
0.269696
0.938643
0.454869
0.788402
0.586469
0.397998
0.514657
0.532357
0.369261
0.80574
0.335327
0.789075
0.405322
0.768992
0.885045
0.755066
0.881538
0.834599
0.166673
0.241087
0.0511961
0.606745
0.154888
0.0852771
0.632912
0.341223
0.0425604
0.116198
0.738441
0.278602
0.492776
0.734222
0.41743
0.684482
0.555913
0.619201
0.392288
0.44447
0.467173
0.991907
0.0639547
0.308134
0.936515
0.572322
0.94682
0.0132445
0.0382527
0.797048
0.959669
0.817315
0.4013
0.539902
0.959487
0.738724
0.476884
0.800772
0.44675
0.259569
0.228847
0.682878
0.196715
0.980479
0.902559
0.752977
0.557464
0.400245
0.154516
0.866253
0.577227
0.382812
0.0616915
0.409072
0.73432
0.678259
0.0851301
0.69286
0.0400824
0.124001
0.0437137
0.169646
0.826419
0.699366
0.690648
0.216807
0.851099
0.311597
0.178376
0.642859
0.372119
0.918161
0.555821
0.447023
0.821951
0.841556
0.053555
0.138877
0.692812
0.683028
0.333638
0.34432
0.044246
0.667655
0.11283
0.250554
0.0285483
0.688152
0.677085
0.256026
0.53607
0.202795
0.389703
0.0624954
0.994454
0.111585
0.81338
0.57658
0.89336
0.205194
0.646703
0.114849
0.335394
0.675094
0.258042
0.325677
0.0464341
0.522175
0.442969
0.0523436
0.2397
0.221593
0.324599
0.826818
0.890265
0.352374
0.503603
0.0448453
0.037948
0.486872
0.107831
0.964032
0.253575
0.548089
0.737917
0.936512
0.994886
0.907808
0.593814
0.848568
0.708556
0.480408
0.363985
0.881768
0.665814
0.541544
0.913986
0.0856856
0.920045
0.592272
0.0647576
0.0144265
0.1805
0.28297
0.61393
0.636469
0.323605
0.849636
0.19974
0.632047
0.649413
0.317887
0.943152
0.21181
0.781557
0.514405
0.740278
0.988571
0.0245043
0.537775
0.783284
0.0776252
0.970442
0.818155
0.700868
0.936939
0.331716
0.767242
0.914735
0.502408
0.300532
0.385631
0.559039
0.0834859
0.0910112
0.782163
0.53607
0.801727
0.894558
0.191104
0.504294
0.603856
0.122719
0.453868
0.60886
0.683544
0.945764
0.0781918
0.377147
0.377333
0.142772
0.718542
0.232321
0.772255
0.370392
0.226097
0.0708313
0.816225
0.752477
0.458542
0.524746
0.138069
0.972151
0.924987
0.578716
0.919153
0.757422
0.989633
0.676744
0.250546
0.47622
0.676317
0.0102691
0.39714
0.587879
0.349028
0.79491
0.672956
0.112905
0.322314
0.220847
0.324242
0.938985
0.85731
0.835271
0.195229
0.40233
0.82745
0.884807
0.973123
0.630562
0.54646
0.986106
0.491709
0.804201
0.591575
0.0381544
0.247333
0.427049
0.039189
0.528039
0.768057
0.593268
0.455449
0.685023
0.387442
0.43132
0.404443
0.697039
0.969516
0.0421299
0.139199
0.36353
0.108434
0.308431
0.284765
0.479172
0.855886
0.673365
0.170421
0.919807
0.294028
0.546447
0.464327
0.35003
0.409607
0.844813
0.444487
0.231471
0.414286
0.620229
0.12692
0.825624
0.500369
0.869751
0.55035
0.535764
0.266019
0.640752
0.192713
0.429259
0.401644
0.741888
0.863294
0.693833
0.578691
0.481521
0.387986
0.369608
0.206716
0.46775
0.608787
0.412514
0.907046
0.723332
0.708623
0.143222
0.0944497
0.428423
0.394163
0.444907
0.353813
0.941767
0.432984
0.233335
0.611588
0.339075
0.290466
0.660581
0.578743
0.421595
0.97156
0.169268
0.473545
0.856713
0.562066
0.388214
0.101463
0.20477
0.557517
0.636817
0.948237
0.925059
0.289963
0.116953
0.0661115
0.765001
0.0838614
0.797954
0.196437
0.74105
0.15078
0.833058
0.0528608
0.433645
0.515443
0.586873
0.44039
0.63825
0.560431
0.869741
0.539668
0.130674
0.915041
0.510311
0.829287
0.87947
0.0190095
0.87662
0.265125
0.496951
0.00578828
0.0440281
0.380926
0.423721
0.231628
0.753301
0.573393
0.385657
0.566869
0.483297
0.234182
0.581823
0.151175
0.0702105
0.317481
0.835159
0.36223
0.598363
0.221142
0.792121
0.975986
0.239522
0.945862
0.598539
0.584705
0.300907
0.194184
0.26493
0.238163
0.982461
0.562657
0.812467
0.417323
0.825115
0.236288
0.548388
0.928721
0.38261
0.538043
0.416275
0.601192
0.019802
0.920221
0.975921
0.627454
0.0234324
0.559201
0.0863166
0.466882
0.928815
0.4941
0.134755
0.269819
0.78601
0.988108
0.0362289
0.837813
0.667823
0.581519
0.253114
0.914538
0.888618
0.398564
0.507616
0.553992
0.778038
0.0972817
0.274367
0.426941
0.699866
0.437549
0.113412
0.995517
0.680791
0.844266
0.759349
0.413062
0.480394
0.868074
0.25414
0.832432
0.180154
0.304691
0.145765
0.878424
0.647185
0.0818144
0.345878
0.296117
0.88839
0.769424
0.0667844
0.955584
0.735801
0.505034
0.234383
0.95346
0.949161
0.960772
0.645228
0.805463
0.00448053
0.533556
0.00476728
0.269786
0.304742
0.355052
0.461411
0.760525
0.552905
0.429864
0.814498
0.562664
0.167401
0.0245062
0.00827826
0.386396
0.099545
0.317288
0.404246
0.445877
0.284154
0.672723
0.079121
0.454456
0.726372
0.291536
0.854084
0.872219
0.449614
0.872257
0.484825
0.902116
0.652975
0.262268
0.976316
0.475291
0.200577
0.808442
0.1394
0.170883
0.987303
0.825636
0.409022
0.594453
0.272331
0.417339
0.0813497
0.400817
0.886732
0.612955
0.547167
0.242722
0.189665
0.191251
0.91488
0.369847
0.293914
0.448099
0.272055
0.439187
0.912248
0.924217
0.347835
0.602305
0.455822
0.856941
0.375201
0.257808
0.117702
0.249192
0.108118
0.97696
0.128559
0.709143
0.759803
0.688357
0.433271
0.0198385
0.0517545
0.49405
0.367546
0.203854
0.15931
0.906875
0.362262
0.8665
0.599721
0.746683
0.299661
0.824096
0.159392
0.641713
0.993223
0.454666
0.751008
0.847168
0.26398
0.285264
0.509526
0.974783
0.961371
0.316774
0.763107
0.139727
0.188757
0.50685
0.0729524
0.245164
0.878997
0.25909
0.11421
0.0811646
0.960765
0.486289
0.345271
0.726382
0.921799
0.302698
0.796351
0.0977583
0.499799
0.840234
0.566882
0.880851
0.464689
0.360188
0.469202
0.412195
0.4966
0.800914
0.143198
0.136825
0.0704676
0.973309
0.67692
0.893645
0.934381
0.921061
0.449305
0.885656
0.228622
0.00338445
0.651329
0.297285
0.871775
0.686735
0.559937
0.852437
0.10375
0.829384
0.87104
0.173976
0.518364
0.296959
0.487305
0.87397
0.623528
0.514625
0.903894
0.260072
0.594673
0.179805
0.256066
0.63416
0.653441
0.841881
0.938387
0.195187
0.592729
0.307901
0.256451
0.885693
0.236023
0.222155
0.417633
0.832198
0.0689317
0.293776
0.376607
0.0386776
0.297854
0.71817
0.418039
0.51208
0.292879
0.289644
0.472709
0.106046
0.887414
0.225553
0.619751
0.427829
0.218364
0.890956
0.399228
0.606869
0.764007
0.450764
0.605781
0.229909
0.419107
0.252653
0.558475
0.650751
0.276584
0.0480789
0.0821949
0.356487
0.0810956
0.590171
0.191928
0.103728
0.871087
0.506735
0.823115
0.58416
0.252524
0.192523
0.219821
0.442487
0.564511
0.824342
0.476509
0.201066
0.706121
0.182038
0.815949
0.385046
0.951477
0.551051
0.321738
0.643725
0.730068
0.241939
0.883502
0.00194225
0.0795497
0.577553
0.595473
0.326884
0.481102
0.59739
0.41327
0.401784
0.940891
0.0449618
0.173474
0.0596282
0.0289888
0.87649
0.995585
0.146951
0.781155
0.168085
0.583172
0.453402
0.277745
0.294967
0.693337
0.217609
0.105779
0.12668
0.189546
0.842243
0.562843
0.857314
0.270756
0.0537147
0.424823
0.655413
0.735885
0.31686
0.270511
0.864368
0.473713
0.50452
0.704925
0.0496939
0.707316
0.419895
0.536648
0.347263
0.949313
0.472633
0.226721
0.145792
0.392189
0.504784
0.494219
0.866998
0.0358058
0.222536
0.0899439
0.473579
0.192654
0.956292
0.699743
0.6066
0.796553
0.216179
0.63707
0.774208
0.00571875
0.660107
0.268776
0.652136
0.433827
0.369651
0.93672
0.79963
0.212457
0.100379
0.876355
0.635346
0.0260703
0.826884
0.976123
0.693245
0.243509
0.672605
0.431406
0.136069
0.0637512
0.0998013
0.998636
0.625173
0.633291
0.298075
0.147857
0.587209
0.769025
0.989795
0.732166
0.249752
0.295584
0.926256
0.606222
0.824796
0.500566
0.0793288
0.483518
0.102479
0.825615
0.552555
0.761554
0.0517374
0.403837
0.744836
0.712356
0.141692
0.242601
0.0535881
0.866967
0.271727
0.149454
0.339501
0.0063518
0.490485
0.517169
0.115403
0.462843
0.749216
0.181375
0.145071
0.964931
0.889283
0.762582
0.659718
0.174944
0.155633
0.204195
0.622693
0.643829
0.759989
0.310373
0.348601
0.472917
0.853724
0.74305
0.266796
0.35088
0.0183618
0.299137
0.494955
0.813835
0.953007
0.688159
0.838792
0.464297
0.361927
0.0144761
0.652822
0.644308
0.910312
0.0950625
0.526323
0.665207
0.974584
0.672041
0.991946
0.278734
0.130654
0.419709
0.00248876
0.464055
0.519316
0.660045
0.602469
0.21242
0.341825
0.0619749
0.754321
0.392231
0.877408
0.95048
0.740147
0.936223
0.444921
0.681181
0.100983
0.999962
0.609042
0.634626
0.155274
0.538447
0.894828
0.704372
0.966489
0.914772
0.681193
0.819958
0.89399
0.915815
0.235386
0.990101
0.993323
0.304854
0.341723
0.439248
0.662209
0.922422
0.017198
0.765592
0.796175
0.12279
0.769187
0.588657
0.0199542
0.373996
0.532154
0.432047
0.972207
0.439514
0.792946
0.0292843
0.74183
0.207962
0.670943
0.920071
0.0564773
0.293116
0.712213
0.835387
0.889771
0.702133
0.218467
0.0243581
0.11235
0.398697
0.479909
0.304165
0.31176
0.581478
0.286879
0.842531
0.0523488
0.491294
0.940768
0.255967
0.358882
0.00826177
0.613424
0.577836
0.291058
0.593889
0.101948
0.74358
0.93761
0.783374
0.579523
0.746689
0.751083
0.585339
0.636244
0.705501
3.17936e-05
0.6031
0.393712
0.13195
0.629326
0.251545
0.916423
0.318045
0.00893453
0.729358
0.93842
0.925514
0.0980101
0.987701
0.130222
0.962873
0.765174
0.867009
0.369818
0.950841
0.195294
0.0557139
0.0339933
0.162583
0.864397
0.535987
0.273447
0.160901
0.235986
0.552875
0.162984
0.457576
0.732894
0.315724
0.0202674
0.954468
0.654728
0.211212
0.698414
0.686197
0.80608
0.796473
0.931929
0.233609
0.281114
0.112946
0.127385
0.57138
0.828425
0.89868
0.17846
0.803962
0.720755
0.0185692
0.718026
0.414862
0.50721
0.39938
0.683745
0.782385
0.92194
0.687548
0.996214
0.0778883
0.0492444
0.253333
0.30912
0.192147
0.209221
0.817564
0.2674
0.344719
0.214387
0.129
0.407548
0.844509
0.746136
0.93752
0.767743
0.047874
0.557876
0.278019
0.813112
0.486517
0.902093
0.689688
0.623633
0.315466
0.113134
0.243374
0.907211
0.346861
0.172747
0.742674
0.479213
0.235801
0.636849
0.579037
0.221965
0.396782
0.884354
0.0655574
0.256784
0.872547
0.981131
0.356902
0.414752
0.192758
0.279382
0.7779
0.0719123
0.336323
0.497766
0.801236
0.971607
0.088694
0.380559
0.549424
0.49975
0.160845
0.27355
0.488653
0.0723743
0.577425
0.773539
0.265757
0.966924
0.708465
0.995754
0.821275
0.355062
0.478269
0.550452
0.358505
0.26976
0.929654
0.772437
0.800212
0.543535
0.699832
0.895366
0.679706
0.192339
0.771479
0.524663
0.334068
0.44133
0.282365
0.366487
0.343344
0.073429
0.25686
0.170077
0.348983
0.0531104
0.833966
0.645482
0.468723
0.622557
0.846994
0.775362
0.739112
0.95051
0.90133
0.42914
0.725441
0.982523
0.123152
0.829912
0.125051
0.755973
0.223237
0.284736
0.89248
0.63898
0.294655
0.491351
0.700042
0.86165
0.5619
0.0590638
0.898825
0.225449
0.94259
0.356951
0.632566
0.530233
0.0509171
0.0338955
0.36083
0.00999549
0.387948
0.437388
0.104801
0.594172
0.85541
0.166844
0.494584
0.583013
0.648629
0.352013
0.499046
0.809784
0.640106
0.757541
0.538981
0.00831617
0.227968
0.441751
0.241425
0.435795
0.691621
0.104333
0.321034
0.372905
0.588346
0.0976354
0.941774
0.574561
0.929789
0.499176
0.639004
0.537473
0.00457928
0.304312
0.594642
0.332885
0.437712
0.367678
0.132523
0.106899
0.561144
0.727656
0.719621
0.102112
0.436644
0.38336
0.0326459
0.353167
0.460552
0.535741
0.954429
0.0850196
0.931154
0.587759
0.18713
0.229862
0.179491
0.947935
0.0108508
0.116868
0.0187674
0.830916
0.200865
0.208685
0.071315
0.454624
0.240891
0.313286
0.271351
0.185158
0.0973817
0.171187
0.30016
0.583589
0.0919783
0.857812
0.555915
0.0746968
0.76556
0.449594
0.976498
0.131194
0.970527
0.83479
0.168842
0.387858
0.240485
0.782369
0.0818031
0.855263
0.467844
0.351503
0.13649
0.879766
0.897048
0.600875
0.19259
0.756167
0.533534
0.98236
0.0118312
0.209573
0.766417
0.880874
0.0872391
0.290311
0.224703
0.735216
0.945011
0.190198
0.498786
0.103168
0.894767
0.0163031
0.153338
0.568451
0.31171
0.283671
0.321932
0.308261
0.0377203
0.516582
0.00392965
0.372461
0.536816
0.340955
0.602148
0.73897
0.869389
0.78981
0.853938
0.644017
0.616156
0.345851
0.868012
0.527549
0.207498
0.306369
0.29929
0.856981
0.522183
0.362674
0.713457
0.23163
0.629087
0.793504
0.365688
0.311455
0.897099
0.698449
0.987558
0.694018
0.392354
0.7987
0.789146
0.724169
0.237493
0.848394
0.937835
0.170723
0.382154
0.194911
0.0148766
0.969119
0.195777
0.518811
0.592379
0.975314
0.99531
0.494416
0.237485
0.221704
0.293187
0.330993
0.028507
0.555729
0.297628
0.239028
0.104355
0.948475
0.532809
0.127232
0.479858
0.361469
0.687018
0.813112
0.130184
0.512729
0.701447
0.425331
0.925909
0.0249625
0.657088
0.24685
0.954906
0.347906
0.010439
0.875383
0.290272
0.310002
0.642213
0.960071
0.158557
0.465399
0.3129
0.900595
0.630984
0.628176
0.136982
0.978248
0.661877
0.903132
0.806979
0.882966
0.221575
0.767924
0.650256
0.27984
0.282974
0.656443
0.534143
0.92466
0.879248
0.0157829
0.0400305
0.887199
0.650102
0.516353
0.965084
0.510013
0.0536704
0.157797
0.7168
0.740214
0.841426
0.181581
0.19017
0.706697
0.671897
0.436776
0.460152
0.55617
0.397918
0.0791431
0.0337167
0.983721
0.684304
0.288658
0.381456
0.501737
0.429964
0.468926
0.421823
0.696467
0.37388
0.976178
0.04394
0.554586
0.080578
0.164231
0.960537
0.590869
0.416822
0.342306
0.743292
0.0392695
0.901438
0.67141
0.776924
0.25962
0.490332
0.103245
0.284777
0.00863004
0.26759
0.49113
0.988453
0.781602
0.0428636
0.00494976
0.355074
0.75211
0.264084
0.744381
0.831807
0.676235
0.956316
0.570835
0.493199
0.185604
0.919571
0.244118
0.263527
0.56426
0.494363
0.976941
0.658541
0.556903
0.675493
0.278906
0.772368
0.715696
0.688145
0.604898
0.50925
0.748157
0.412452
0.541006
0.841777
0.697977
0.646145
0.16377
0.769618
0.0524768
0.557938
0.987625
0.115748
0.823401
0.465614
0.950526
0.183874
0.22413
0.805532
0.966532
0.940026
0.394895
0.764322
0.242957
0.745845
0.0207403
0.357304
0.807937
0.60944
0.478717
0.983784
0.494055
0.131167
0.33554
0.299421
0.216233
0.2492
0.964726
0.297257
0.975669
0.266543
0.741809
0.0620616
0.716111
0.513005
0.843758
0.681335
0.819224
0.906824
0.296439
0.476841
0.960104
0.346544
0.791858
0.225796
0.650048
0.614513
0.897976
0.652483
0.613449
0.572395
0.824707
0.267322
0.567189
0.895615
0.393097
0.0342584
0.641623
0.386704
0.275104
0.627793
0.927552
0.4057
0.25334
0.234737
0.00269077
0.77772
0.150899
0.889158
0.49678
0.136522
0.606953
0.169573
0.890931
0.716205
0.465926
0.354596
0.943994
0.971993
0.410966
0.614842
0.551241
0.380091
0.0391658
0.870036
0.569927
0.554534
0.38672
0.245238
0.0235564
0.976808
0.321926
0.451217
0.382374
0.198101
0.841178
0.0413453
0.600647
0.467951
0.477226
0.393813
0.79776
0.25965
0.555297
0.328698
0.29806
0.984078
0.0751767
0.820554
0.878853
0.357936
0.0808813
0.751671
0.871642
0.959335
0.0487885
0.81281
0.347219
0.746819
0.0770195
0.636127
0.361309
0.961659
0.904823
0.279632
0.0112383
0.0429333
0.310715
0.863206
0.663863
0.440383
0.142368
0.470671
0.311616
0.359269
0.381078
0.214809
0.168092
0.792133
0.159522
0.77157
0.23238
0.964924
0.644176
0.676685
0.212722
0.227682
0.902829
0.689547
0.558468
0.0914674
0.216237
0.197653
0.854168
0.897358
0.814657
0.796424
0.275306
0.827718
0.277258
0.618776
0.541915
0.217985
0.354581
0.30154
0.167911
0.812264
0.569729
0.559803
0.789454
0.856803
0.512368
0.216185
0.546948
0.336806
0.395824
0.26132
0.556575
0.3345
0.646319
0.256877
0.326467
0.230932
0.812329
0.582831
0.0291644
0.376556
0.0594426
0.369328
0.0811336
0.923854
0.476953
0.554142
0.23547
0.172315
0.459855
0.623474
0.545449
0.0543963
0.276205
0.0442426
0.0856375
0.362809
0.49523
0.149858
0.600581
0.381799
0.2468
0.131812
0.441793
0.168387
0.111432
0.242327
0.296409
0.946282
0.977021
0.211345
0.273766
0.750073
0.0380239
0.129409
0.291271
0.960428
0.0525387
0.592565
0.897036
0.560614
0.415536
0.529809
0.359389
0.266573
0.41963
0.478197
0.436564
0.818589
0.961065
0.0346799
0.563475
0.273278
0.618566
0.824371
0.352053
0.703589
0.247586
0.891198
0.217341
0.542868
0.8248
0.0175318
0.756335
0.187189
0.344682
0.821556
0.82036
0.234516
0.992638
0.797497
0.839129
0.562452
0.320043
0.19328
0.918767
0.914846
0.325338
0.847501
0.196387
0.837862
0.48473
0.868007
0.291664
0.670629
0.24164
0.694647
0.608062
0.391354
0.865861
0.950036
0.971578
0.14975
0.137434
0.189675
0.308261
0.165374
0.96363
0.245314
0.398716
0.368438
0.390396
0.632128
0.587525
0.588036
0.749797
0.442491
0.85989
0.563235
0.673342
0.680181
0.342973
0.189014
0.0379361
0.354623
0.815269
0.98621
0.876535
0.846443
0.535941
0.799408
0.590789
0.222217
0.155977
0.532228
0.48648
0.387507
0.615034
0.260232
0.641013
0.157785
0.568662
0.741516
0.603706
0.891971
0.0982455
0.019078
0.584107
0.391043
0.498788
0.796144
0.0821954
0.592996
0.340398
0.777686
0.675819
0.25497
0.582681
0.0196359
0.613118
0.310792
0.825304
0.77048
0.646325
0.597506
0.792402
0.279964
0.199685
0.0682423
0.679409
0.426904
0.299046
0.83586
0.797893
0.734985
0.132305
0.391925
0.766567
0.467816
0.119554
0.0931175
0.0801587
0.116762
0.137213
0.496047
0.671461
0.300758
0.509584
0.339621
0.422936
0.588128
0.376005
0.78425
0.763487
0.952167
0.0213277
0.172256
0.947737
0.890114
0.685971
0.477042
0.317481
0.658001
0.416743
0.111856
0.380898
0.841844
0.303781
0.158859
0.336025
0.716676
0.423896
0.388426
0.528725
0.295314
0.491875
0.797126
0.532465
0.356762
0.488082
0.935701
0.33017
0.162037
0.446612
0.993869
0.353479
0.0257153
0.89726
0.424931
0.208921
0.212348
0.790584
0.809897
0.805064
0.51657
0.691863
0.66647
0.653849
0.640691
0.416982
0.391109
0.759357
0.127758
0.479979
0.493959
0.796523
0.661673
0.0240645
0.299217
0.431654
0.292644
0.620434
0.41101
0.633106
0.761205
0.684107
0.295133
0.239947
0.7955
0.964856
0.268555
0.887922
0.659693
0.579036
0.417345
0.296129
0.27877
0.653082
0.806789
0.864795
0.220767
0.576735
0.879875
0.878576
0.789695
0.421307
0.799705
0.739374
0.493229
0.843548
0.919507
0.901905
0.0378962
0.895466
0.339226
0.725885
0.341513
0.748273
0.434646
0.283842
0.102424
0.891256
0.664592
0.594394
0.199139
0.290777
0.432522
0.13844
0.353487
0.79141
0.23623
0.329096
0.642721
0.607044
0.548639
0.339245
0.244496
0.717033
0.954914
0.0753897
0.635434
0.0940169
0.85282
0.380672
0.906495
0.893499
0.392856
0.186961
0.600151
0.115105
0.790252
0.792355
0.963316
0.334562
0.10469
0.167135
0.730732
0.898844
0.673193
0.241177
0.00304357
0.0489325
0.563198
0.475535
0.40851
0.59425
0.0200394
0.501117
0.583254
0.100222
0.410328
0.727671
0.575519
0.759595
0.723024
0.349052
0.756364
0.417163
0.843182
0.424502
0.0951426
0.983653
0.46787
0.348185
0.702795
0.231754
0.980409
0.91212
0.24977
0.465796
0.831541
0.828202
0.654814
0.739127
0.472993
0.181494
0.13743
0.733465
0.191973
0.182587
0.675191
0.177943
0.146541
0.718071
0.618395
0.724081
0.931475
0.572138
0.240888
0.338946
0.0385854
0.248405
0.0395382
0.865499
0.58059
0.255174
0.539244
0.508279
0.466668
0.781435
0.871659
0.827134
0.343357
0.546783
0.193559
0.173252
0.419191
0.0935307
0.80548
0.79216
0.0812018
0.715836
0.812206
0.570393
0.632692
0.811794
0.636163
0.953457
0.618304
0.168431
0.0236793
0.987232
0.34269
0.120896
0.987827
0.335349
0.673878
0.934584
0.633241
0.48821
0.408924
0.470869
0.40978
0.203513
0.0398558
0.140367
0.524376
0.596998
0.0831653
0.553429
0.432129
0.64214
0.845316
0.0458372
0.672395
0.318612
0.976335
0.596725
0.128626
0.899904
0.264207
0.247429
0.423193
0.931606
0.327588
0.737784
0.579584
0.308798
0.545359
0.36217
0.626745
0.203459
0.62978
0.196862
0.274922
0.60425
0.0646582
0.0288972
0.584923
0.998876
0.268586
0.11535
0.321843
0.956209
0.0898208
0.618823
0.263004
0.402242
0.902236
0.988846
0.908479
0.218526
0.774159
0.169513
0.702348
0.115351
0.224753
0.895934
0.347229
0.33109
0.831463
0.125027
0.824777
0.962155
0.0526843
0.533035
0.474526
0.0901441
0.351231
0.969415
0.233124
0.0709729
0.223117
0.621505
0.861393
0.850761
0.172587
0.758082
0.249557
0.605325
0.484144
0.825856
0.399216
0.358949
0.326424
0.739714
0.338886
0.590432
0.944448
0.294214
0.839359
0.31857
0.529233
0.173081
0.103612
0.716261
0.0456365
0.437116
0.372156
0.0531732
0.234079
0.323567
0.570345
0.941972
0.852673
0.314085
0.323956
0.88088
0.478259
0.929088
0.9919
0.940011
0.896601
0.240834
0.895695
0.257718
0.3925
0.0896003
0.33639
0.230158
0.248774
0.611603
0.14046
0.308426
0.370199
0.31753
0.0212506
0.234149
0.429953
0.125045
0.913912
0.578746
0.398328
0.42165
0.0768073
0.887426
0.198301
0.499444
0.0942405
0.681814
0.631939
0.0287376
0.711305
0.135611
0.181401
0.188319
0.469579
0.567154
0.748704
0.544944
0.89379
0.122848
0.392563
0.727762
0.36116
0.888985
0.62277
0.254792
0.1503
0.608734
0.961666
0.351051
0.235331
0.709321
0.817622
0.146232
0.383158
0.683105
0.98592
0.144708
0.584496
0.382516
0.912304
0.505605
0.18581
0.883284
0.480637
0.894922
0.453269
0.413461
0.533087
0.313164
0.630456
0.843474
0.951207
0.109749
0.675292
0.88949
0.301128
0.741337
0.132961
0.265042
0.272959
0.843141
0.776409
0.582506
0.938641
0.968281
0.168665
0.124519
0.496436
0.187521
0.233601
0.166911
0.214433
0.370588
0.0855386
0.531451
0.70517
0.173447
0.0856419
0.554802
0.946807
0.770516
0.705498
0.757127
0.334639
0.248303
0.5808
0.724747
0.75556
0.675584
0.288347
0.0888654
0.614736
0.98047
0.526159
0.91138
0.702505
0.590266
0.00497257
0.185848
0.504243
0.176462
0.551504
0.63332
0.452304
0.347184
0.713784
0.948593
0.729488
0.616322
0.113791
0.451783
0.389379
0.168933
0.400749
0.365111
0.0972204
0.204056
0.324928
0.108484
0.391834
0.489711
0.977554
0.22812
0.488723
0.00274162
0.742536
0.284015
0.708798
0.654572
0.513939
0.902134
0.87507
0.631116
0.241602
0.245527
0.419384
0.701312
0.0909569
0.0652549
0.975211
0.530669
0.0629918
0.625901
0.247995
0.00815688
0.39688
0.508946
0.481634
0.402924
0.0712335
0.0657656
0.502059
0.252912
0.840629
0.942697
0.435382
0.691135
0.345782
0.646407
0.220505
0.579369
0.650834
0.279851
0.576252
0.961409
0.867176
0.91262
0.817785
0.867842
0.994354
0.380914
0.507335
0.694453
0.0395636
0.292651
0.434175
0.865278
0.143256
0.224836
0.989229
0.460393
0.522852
0.440065
0.449565
0.592351
0.000701897
0.782711
0.566374
0.397183
0.836791
0.160821
0.82246
0.802597
0.711235
0.225696
0.159657
0.046939
0.420892
0.143324
0.219104
0.632021
0.0266238
0.856509
0.884361
0.848385
0.16928
0.0241572
0.885005
0.925367
0.681066
0.882183
0.440192
0.543872
0.693294
0.609826
0.967402
0.904185
0.780819
0.642699
0.400403
0.770829
0.84759
0.337678
0.996083
0.19538
0.535632
0.444383
0.9187
0.998574
0.938937
0.0909655
0.197585
0.235165
0.354791
0.5942
0.758663
0.175696
0.249126
0.604967
0.601428
0.147398
0.766314
0.966272
0.738795
0.500515
0.594342
0.430293
0.161298
0.312439
0.133828
0.834439
0.508443
0.561522
0.857663
0.566435
0.815049
0.428847
0.874588
0.176595
0.379083
0.372345
0.933198
0.527231
0.719938
0.116864
0.180948
0.159176
0.521884
0.633258
0.441708
0.542924
0.0829768
0.518782
0.72383
0.412133
0.45693
0.328771
0.970294
0.486325
0.756984
0.452161
0.127889
0.167794
0.533252
0.826414
0.131315
0.83001
0.353043
0.59408
0.42646
0.784922
0.0861059
0.536947
0.101592
0.229353
0.530288
0.851465
0.732017
0.218833
0.368971
0.0882448
0.963499
0.484732
0.13677
0.736104
0.887846
0.955123
0.902313
0.143569
0.898866
0.298262
0.444177
0.884891
0.273801
0.96216
0.998325
0.348221
0.690635
0.684113
0.956999
0.522505
0.396078
0.453037
0.420066
0.669122
0.116753
0.45526
0.613541
0.0897211
0.0785639
0.678082
0.124905
0.309225
0.449191
0.610908
0.651755
0.405731
0.930979
0.41742
0.509191
0.8471
0.432992
0.917969
0.0643682
0.652654
0.706783
0.090199
0.275834
0.684422
0.737338
0.408606
0.334843
0.649569
0.209023
0.96528
0.967485
0.936787
0.727601
0.556243
0.955002
0.291431
0.850932
0.463057
0.385369
0.550166
0.0167228
0.923292
0.496911
0.73811
0.389962
0.681042
0.0447947
0.348916
0.194529
0.846385
0.537038
0.142583
0.902536
0.804535
0.235219
0.717911
0.67176
0.247444
0.52189
0.559391
0.440219
0.0570914
0.65752
0.118668
0.958711
0.475963
0.4414
0.191171
0.68409
0.535781
0.25259
0.25752
0.874792
0.449727
0.508274
0.638019
0.966689
0.903325
0.473879
0.834664
0.100368
0.305599
0.135992
0.903593
0.127709
0.777948
0.820487
0.178182
0.850086
0.537531
0.145083
0.0948992
0.721617
0.584509
0.939758
0.968701
0.41181
0.0108345
0.274536
0.378942
0.159959
0.685973
0.362582
0.520596
0.767198
0.502779
0.90785
0.51884
0.38924
0.527125
0.0537018
0.665884
0.0588027
0.757035
0.370788
0.293259
0.564794
0.0378111
0.807792
0.404606
0.7854
0.413959
0.978693
0.347762
0.556735
0.012636
0.83313
0.775412
0.971388
0.0728971
0.0811267
0.696966
0.175559
0.991272
0.98429
0.0618454
0.20188
0.00910739
0.0676146
0.365208
0.268626
0.406136
0.370122
0.275508
0.309215
0.42143
0.801145
0.62215
0.253192
0.782089
0.073845
0.354655
0.397212
0.775327
0.452601
0.985817
0.545396
0.91231
0.392819
0.0799951
0.745607
0.790498
0.919382
0.481614
0.724207
0.5882
0.918481
0.384498
0.165411
0.812619
0.0991665
0.363316
0.794272
0.569795
0.459791
0.843927
0.402569
0.126857
0.66451
0.375256
0.380879
0.233507
0.195213
0.568888
0.623198
0.529111
0.261183
0.542432
0.824452
0.284964
0.243396
0.0919551
0.114196
0.336223
0.0465941
0.14744
0.700415
0.322116
0.541231
0.291549
0.437272
0.403207
0.744384
0.961345
0.0916438
0.106351
0.933185
0.789065
0.26189
0.358723
0.505836
0.589365
0.872688
0.429222
0.210781
0.552988
0.766261
0.683276
0.598259
0.526902
0.818761
0.224605
0.0949404
0.821666
0.817263
0.991361
0.159952
0.549147
0.932696
0.732314
0.812024
0.800935
0.995116
0.486534
0.921076
0.177301
0.388097
0.396282
0.57421
0.628541
0.238595
0.758816
0.832313
0.979743
0.885517
0.837253
0.422457
0.0392826
0.150799
0.202352
0.573185
0.867608
0.0530477
0.629747
0.601362
0.514457
0.829324
0.137325
0.0433208
0.199965
0.994334
0.793213
0.597148
0.287331
0.551098
0.804834
0.199585
0.120744
0.654974
0.110878
0.0633629
0.982529
0.292361
0.484229
0.644475
0.310321
0.741903
0.0579151
0.889886
0.524522
0.0284938
0.769435
0.327775
0.237733
0.12219
0.41234
0.557895
0.983722
0.177493
0.578705
0.0906653
0.485822
0.290731
0.33525
0.420174
0.0428624
0.60127
0.666636
0.740156
0.514435
0.406936
0.466347
0.0595427
0.701682
0.515241
0.656088
0.425802
0.364653
0.020152
0.894662
0.0496207
0.71332
0.741641
0.385383
0.473734
0.277532
0.846819
0.183429
0.0761562
0.984464
0.915551
0.625636
0.436798
0.440902
0.186324
0.866655
0.319737
0.0511502
0.730346
0.0938968
0.0665575
0.986386
0.630949
0.683364
0.628514
0.0275973
0.902907
0.238399
0.503069
0.142017
0.0904472
0.2949
0.571075
0.491285
0.4094
0.0160081
0.237619
0.164967
0.33191
0.340062
0.976235
0.195022
0.762952
0.95561
0.510214
0.439765
0.225867
0.272249
0.986774
0.44226
0.933432
0.0210037
0.232299
0.667357
0.41692
0.318967
0.919851
0.0339343
0.94585
0.94941
0.371317
0.795942
0.214375
0.0274531
0.711563
0.534623
0.488541
0.666936
0.809587
0.258555
0.721966
0.723622
0.958414
0.733729
0.216515
0.0963621
0.882754
0.590344
0.956257
0.39444
0.246355
0.43322
0.345781
0.451333
0.467762
0.437526
0.634837
0.698083
0.302018
0.530558
0.942098
0.580242
0.187092
0.0519325
0.479078
0.353797
0.487221
0.493587
0.488049
0.430306
0.916556
0.283727
0.665606
0.851867
0.341331
0.443557
0.925971
0.00473899
0.782236
0.375783
0.753122
0.844921
0.382622
0.558926
0.560679
0.12686
0.938465
0.779767
0.648639
0.400956
0.546514
0.080072
0.438863
0.153658
0.505355
0.126556
0.711103
0.219694
0.228947
0.188125
0.877613
0.429255
0.0135529
0.0591092
0.172929
0.931697
0.338078
0.829575
0.634574
0.509419
0.799576
0.597514
0.972386
0.0594602
0.113468
0.432699
0.775856
0.842993
0.0558012
0.864928
0.0495429
0.609539
0.385018
0.0329035
0.895558
0.902626
0.520298
0.993051
0.138163
0.0948359
0.554865
0.0837855
0.206829
0.57916
0.154809
0.490251
0.0813828
0.783204
0.228086
0.0720401
0.895384
0.333238
0.833275
0.395306
0.282928
0.599203
0.275483
0.977069
0.197354
0.455182
0.972923
0.89199
0.029269
0.502321
0.757043
0.744481
0.534605
0.306011
0.22073
0.574852
0.128887
0.957724
0.606057
0.466681
0.62453
0.207398
0.499314
0.812023
0.371674
0.776504
0.16359
0.779387
0.38576
0.875258
0.176303
0.977636
0.9266
0.626864
0.357309
0.347108
0.624187
0.175692
0.122727
0.90911
0.296684
0.864082
0.365286
0.65652
0.00967899
0.271747
0.415648
0.379183
0.373664
0.792903
0.412893
0.289326
0.741529
0.226691
0.0789464
0.817806
0.226639
0.180382
0.896865
0.120965
0.0179673
0.490965
0.303327
0.996024
0.573836
0.0546732
0.234126
0.113905
0.930842
0.866496
0.904736
0.470597
0.0543207
0.266867
0.400797
0.521563
0.0479076
0.883735
0.0789512
0.0216021
0.39818
0.0218705
0.599402
0.786568
0.092394
0.867144
0.841869
0.0417634
0.273432
0.601289
0.927772
0.278409
0.772821
0.275619
0.999745
0.456418
0.205214
0.549006
