c=1.0,beta=1
-3.21352
-0.869221
0.420801
1.12377
-1.16292
1.00082
-0.0652583
1.60478
-1.51572
-1.33629
0.595507
1.66753
-0.430257
0.556479
-0.172046
-5.3167
0.270376
-0.545552
0.789306
-1.00116
0.587908
0.241006
0.805501
-0.0471344
-0.712246
0.218774
0.135319
1.06819
0.0883255
1.52038
2.91824
-0.483304
0.165947
-0.369427
2.31137
2.67868
0.158211
0.829244
-0.239617
6.55453
1.75596
2.12394
0.963155
-0.828495
-0.271754
-0.793821
-0.447517
0.127327
-0.584251
-0.884447
-0.33642
1.12686
0.326261
0.461648
2.23028
0.236279
2.00856
-0.534104
0.143355
-2.4087
-0.252324
-1.00474
-0.701006
-0.484399
-0.483993
-0.13729
-0.480338
0.20279
-1.34008
0.580061
1.69153
-0.00739616
-2.35238
0.136398
-0.552088
-0.314605
0.562315
-0.356343
-1.68731
-0.172303
-1.05821
-0.892836
-0.717812
-0.424235
-2.87038
-0.319177
0.515433
2.57149
3.37405
-2.1509
-1.53177
-0.0539556
-0.349187
0.0286486
-0.352463
-0.333567
1.4433
2.41609
-0.568792
0.424003
-0.34867
0.254245
-1.02561
-0.234508
1.51136
0.857876
0.0766761
0.296273
1.66921
5.4156
0.460077
-1.51909
0.195004
0.831145
0.291329
-0.0823956
0.0754609
2.17338
-0.196321
-0.847353
1.48111
-0.965443
-0.693566
0.459273
0.503429
-0.758966
-0.429432
-0.810795
-0.135931
-3.53523
-1.41227
0.44073
-1.65198
0.425727
-0.094401
-1.18601
-3.59726
1.41447
0.676943
1.11914
-0.0068574
-0.122376
0.0668705
-0.00985206
2.08891
1.78134
3.2352
0.980765
1.55138
0.354862
0.972268
0.170326
-1.28894
-0.276773
1.0525
0.489367
0.175678
1.55903
0.418924
1.04909
-2.17761
2.64762
-0.397715
0.207431
-0.130271
-0.972292
-1.02456
1.92209
-0.0315146
-0.00235757
-0.126723
-2.86163
1.00408
-1.75765
0.513187
-0.424157
-0.942671
-0.822003
-0.495901
-0.0353866
0.0253051
-0.478102
-0.605817
0.519017
-0.283808
2.88106
2.65072
1.54768
0.352227
-0.646121
2.27876
1.5912
0.272939
-0.526785
-0.751096
-3.76784
-0.154354
-1.84894
1.87995
-0.0129925
1.91449
-1.38747
0.156961
-0.932182
0.339167
0.675371
0.593237
-0.357751
0.577034
-0.685916
-0.715863
-0.43729
0.508082
1.44092
2.09673
1.10857
-0.64576
-0.715802
0.775347
1.91119
0.779149
0.424655
1.14932
1.08569
-0.315483
-1.56039
0.672851
-1.40324
-0.667833
-0.645154
0.345932
-0.472152
-1.07621
1.99479
-1.34749
-0.459578
-0.488243
1.06981
3.18341
1.20139
-1.2322
0.518304
0.564927
0.0704707
-0.317343
0.0630472
-0.777407
-0.105777
0.461671
0.674833
-0.852068
0.0873841
-0.79368
-0.0194247
-0.360037
-0.800117
0.385232
1.33702
2.47819
2.27171
-2.05175
-1.21955
-0.0223052
1.35163
0.333975
0.944287
-1.77319
-0.0321414
0.436816
0.249228
0.844936
0.0663537
0.207738
-0.794759
1.18603
0.490654
-1.33829
0.000522137
1.94944
-0.126696
0.164513
0.193456
0.270399
-0.235316
-0.0259995
2.89114
-0.516621
1.55704
0.9963
-0.218309
-1.75135
3.51211
-3.26376
-0.631469
-2.23883
0.287215
-0.141331
-0.861997
0.286927
0.211615
-1.40106
0.409925
0.15924
-1.50454
1.56393
-0.984571
0.980245
0.0981127
-0.00553984
-0.139996
-0.00800845
-0.241561
1.93959
3.25085
0.0815621
-6.45481
1.67687
0.0819548
-1.4157
0.0520587
-0.703146
-3.59335
1.41136
0.49965
-1.01544
1.17554
-0.0611724
-0.629289
-1.31112
-0.328866
-0.0155974
-0.640324
-0.747853
-0.0621013
1.09092
-0.494725
-0.0799587
0.586112
0.818611
0.998201
1.90308
0.0251232
2.09418
-0.242723
1.76924
4.72469
3.58593
0.480366
0.196198
-1.08596
0.404862
-0.102419
2.82095
1.90725
0.270218
-0.00199682
-0.504196
1.18846
-0.168256
-1.61495
0.375049
0.818389
0.154363
0.46066
0.500851
0.166939
0.88795
0.310574
0.252505
-2.20347
1.46825
0.00726917
0.287819
1.2222
0.694713
2.23151
-0.295222
0.539261
-0.503012
0.335522
-0.750308
1.26293
2.64207
0.440293
0.893586
-1.07039
-0.0895399
-0.138324
-1.44066
-0.113706
1.99272
2.15138
1.06265
-1.26608
-1.59958
-0.978916
0.10045
-1.97086
0.43441
-0.66928
1.02283
-2.37386
0.215682
-0.956401
-0.00439531
-3.74684
2.53007
2.16169
-0.0135405
-2.17105
-2.01559
1.08657
2.18513
-1.37318
-3.61722
2.10607
-0.2231
-0.0417249
1.10426
5.04172
0.352455
0.290751
0.943382
0.000468866
-0.848389
1.75806
2.10704
-0.56389
-0.41438
-0.666363
-0.838528
0.160427
0.241519
1.31456
3.57661
2.34423
0.416025
0.182029
-0.0993893
-0.17908
-0.353477
-0.560896
1.17323
0.499703
0.480708
-1.81711
-0.574461
0.440506
-0.195182
1.64727
-1.51509
-1.07086
1.13379
0.144262
0.220683
1.60772
2.21202
1.76926
-0.647113
-0.344634
0.848788
0.143446
-0.0416371
1.45633
-0.364309
0.141558
0.263532
0.263206
0.0117536
0.75838
-4.12088
0.760213
3.86278
-0.0104259
-0.220396
4.25394
-0.33952
0.0563546
-0.258892
-0.519618
-0.781212
0.00186077
0.16259
1.29068
-0.0491502
-0.378254
1.00616
0.490433
-4.19806
1.72995
-1.25708
0.164492
-0.223093
-1.60685
-0.0745268
-0.203942
-4.16157
-0.360006
0.801608
-0.62133
-0.46365
2.62369
-0.383311
-1.13992
-0.442386
0.193558
-0.949593
-0.35824
-0.0412663
1.45248
-0.336072
0.820596
-0.196857
0.732883
0.183996
-1.09606
-5.05409
3.42808
-0.820513
2.32245
0.810902
-1.08186
0.797879
-2.36321
-1.54619
2.13573
-0.0359844
0.313635
0.163623
-0.920511
-0.248873
2.42018
0.321775
1.22603
0.014732
-1.28596
0.163703
0.0578875
0.0969947
0.437738
0.571054
0.486654
-0.244844
-2.93399
-0.971863
-0.273497
0.115521
0.482487
0.630066
-0.151737
-3.6585
-0.263205
-0.425411
-0.785868
2.00616
-1.21241
-1.44519
0.106086
0.0697794
0.217693
-0.0067573
0.0735414
-2.51452
0.135294
0.237923
-0.260636
-1.26332
-0.361025
-0.782463
0.970718
-0.0522985
0.61529
-1.51764
0.351025
-0.340781
0.480433
-0.0686239
0.57062
2.78289
-0.315839
0.15265
0.289789
-1.14463
-0.210604
0.668732
2.2999
-1.04771
1.9899
-0.15653
0.181921
0.00665675
1.78104
-0.50981
-0.147953
-3.08532
-0.472415
0.0127949
0.558315
-0.164459
-0.122238
3.28384
0.417583
-3.14272
-0.310465
0.985611
-0.349977
-1.16296
-0.473883
0.28913
-0.357351
0.97104
-0.576726
-0.237494
0.0961195
-1.33402
0.134398
0.492036
-1.07445
-0.520341
-2.03156
0.851815
-0.0536311
-1.01919
-0.105793
0.555772
-0.878974
0.84724
-0.955931
-0.37862
1.90957
-0.414394
0.357272
-1.59364
-0.845356
-2.24901
-1.87786
-0.0269971
-5.88804
2.25491
-1.04911
-0.834916
0.0429375
-0.295221
0.303643
-0.77436
-0.232855
-1.72065
-1.1571
-0.606712
-0.492334
0.113789
-0.0595541
0.696508
-0.058172
0.0252161
-0.521553
1.57677
-1.13616
-0.205838
1.20398
-0.155355
-1.63886
-0.0606552
-1.6444
0.439753
0.299255
0.283555
0.0172645
4.07414
0.822203
-2.3433
-1.87032
0.182484
-1.00037
-3.16447
-1.02805
-0.133847
-0.36678
1.80525
1.3192
-1.13791
-0.903083
0.038401
-0.723338
0.202329
-1.19288
-0.324091
0.823049
-1.82182
-4.54517
-0.00108037
0.148409
-0.420988
0.121682
0.735424
0.929297
2.60054
0.790496
0.595967
0.100418
0.12903
0.151612
0.49483
1.28869
-0.779122
0.672363
2.24964
0.263912
-3.35106
0.427127
-1.34374
-1.22966
-0.944206
0.437337
-0.258429
-0.535274
-0.931445
1.69556
0.708916
-2.03171
1.2216
1.00592
-0.102911
1.78652
-0.164617
-0.895375
4.99749
-0.393314
-0.0395071
-3.21431
0.0398557
1.47679
0.195118
0.361887
-1.24031
-0.116575
-0.437386
-0.135191
0.484214
0.851635
0.342219
-0.275175
-1.59666
-0.329335
-0.890868
-0.203868
-2.30872
0.0457886
-0.499099
-0.573219
-1.83615
1.13887
0.593722
1.0134
-0.728772
-1.0111
0.315786
0.841069
0.8181
0.277016
-1.3709
3.81755
-1.21234
0.390095
1.84058
-0.170933
-0.39566
0.213742
1.53017
-2.38898
0.812082
-0.937392
2.16194
-0.272644
0.359126
2.36803
0.0558766
0.00460845
2.01667
0.667867
-2.33558
2.69956
3.22685
0.295521
-0.0633819
-0.63828
0.36219
-0.112378
2.03455
1.54278
1.60733
0.487957
1.33605
0.903882
-2.12983
-0.559478
-0.785545
0.00430751
-0.264734
0.524344
-0.269008
-0.156431
6.23333
0.700557
0.0091098
0.915136
-0.846695
1.30028
-2.51413
-0.615072
0.00371639
-2.84564
-1.92728
1.47898
0.235237
-1.11451
-0.139258
1.68282
0.612478
2.80793
-4.90184
0.322503
1.05337
0.576931
0.472262
1.18683
-0.645286
0.595927
-0.922284
2.62615
0.291118
-1.8258
-0.817775
-1.82595
2.09401
2.49477
-2.33919
0.457544
1.1523
0.255738
-1.77809
1.4221
-0.467359
0.263118
3.16429
-1.0672
-2.26406
0.926755
0.739502
0.302441
-0.924481
-0.913186
0.996705
-2.17166
-0.843105
-0.555686
0.0292046
-0.803636
-0.398412
2.46175
-0.0482518
-2.13533
-0.10506
0.958624
-1.51298
-1.10964
0.922013
0.629451
-0.137372
0.378296
-0.533295
-0.515394
-0.861904
-1.27072
-2.51465
-0.0380026
-1.14772
1.89201
0.991611
-2.0512
-0.878903
1.15991
0.214082
0.568975
-0.78957
-1.58561
2.33892
1.23676
-3.12889
0.00599933
-0.898446
1.05312
4.2993
-0.123742
0.450784
2.6518
-0.18933
1.44949
1.20504
0.401016
1.25423
-0.864317
-1.04287
3.83256
-0.219649
-1.04398
-0.839947
0.763368
-1.41402
0.155113
1.0291
-0.0983647
0.514904
0.161953
-0.756958
0.00964912
-0.425119
0.248018
0.601439
0.341606
-0.084076
1.91919
-2.97635
1.19778
-1.49708
-0.542244
1.58173
-0.249017
-3.45274
-1.09701
-0.031904
-1.81971
1.24403
0.886288
1.24045
-1.57403
-1.34929
0.494618
-0.27251
-0.904116
1.28279
-2.83502
2.21922
1.87811
0.947642
0.0823939
3.33811
-1.21633
-0.654428
1.93822
3.16351
1.49792
-0.0415214
-2.84189
1.22234
0.0329034
-1.37067
1.63688
-1.08074
-0.411804
-2.34078
0.359803
-0.730192
-0.64131
0.924845
0.611796
-0.0699919
-0.0647321
-0.747552
-0.538312
2.14836
0.574172
1.34425
0.678709
0.586555
-0.296159
1.77253
3.46279
0.673437
4.64161
0.0911548
-0.222691
0.898286
1.27687
-0.094804
1.34025
-0.677031
0.58073
-1.59412
-0.557
-0.107577
-1.9242
0.704456
-2.78029
-2.03002
-1.16106
-1.09895
-1.20972
1.39461
-1.20588
-1.20606
1.23438
-0.598435
-0.580481
-0.392524
0.845985
0.0564137
-0.886872
-0.565798
0.712988
-1.90589
1.28218
0.884685
-0.04191
-0.878415
3.71178
-1.60654
0.119501
-0.386032
-1.58281
1.43294
-0.279495
1.22265
0.323877
-0.779376
0.696926
0.18021
1.50271
1.66172
-0.795775
-0.942785
-3.36105
0.312561
-0.0287301
1.14045
0.458574
2.82007
0.523423
2.04264
1.68347
-2.82709
0.44118
0.875213
-2.83262
0.312754
1.1929
-0.915173
-0.418431
0.823016
1.08566
4.38636
-0.806007
-0.485003
0.348514
-0.203238
-0.749372
-0.268319
0.489694
-1.0096
-1.45314
-0.764588
0.288303
-0.405429
-0.750392
0.0668862
-0.362381
1.16726
-1.72315
-0.184784
-1.33628
0.976625
1.09017
-0.924285
-0.770336
-1.25944
-0.877636
0.729489
-0.469477
0.59456
1.53981
-2.57766
-2.08845
0.357546
0.0191467
-0.157195
-0.765356
-0.344235
-0.0328358
-0.524923
0.17675
1.43799
0.743253
0.427569
-2.04155
-2.13831
-0.874199
-0.207962
-1.02082
0.816178
-1.06929
2.36634
-0.392307
0.380722
-1.41693
-0.149362
0.00468963
0.408324
1.30003
0.182126
0.112336
-3.99348
-1.22863
-0.921978
-2.06901
0.727721
-1.62604
0.0538015
2.67485
-0.304342
-0.0855218
-1.05285
-1.20944
-1.60082
0.0204448
-0.692325
-3.38321
1.73066
-1.53825
-1.30407
-0.064375
-0.977567
0.186114
-0.72267
2.4667
-1.23278
0.437935
0.716937
0.0694526
-0.965348
-0.0241621
0.874459
-0.0243961
0.126981
-0.029806
0.320787
-1.23404
0.251678
-0.593314
0.11408
0.906132
-1.79296
-0.250854
2.04758
-0.544786
-0.313257
-0.371495
3.54267
1.58565
0.503549
0.648131
-1.86822
-2.46671
1.70902
-4.6452
-1.62642
0.137844
0.174756
0.352452
-2.66515
-0.927225
0.142657
0.0847993
-3.17905
-1.70017
0.722713
0.0132515
-0.168089
-0.195372
-0.0649501
1.62646
-0.250329
0.0998917
0.018317
0.196645
-1.14664
0.199398
0.366622
-0.829089
0.81288
-0.810462
-1.22831
-1.00402
3.60387
-2.02808
-0.393144
3.05691
-0.813821
3.07551
0.954422
0.882397
-1.41705
-2.29733
1.04838
-0.518823
0.354225
-1.18978
1.48121
-0.826176
-0.218127
-1.43164
-1.12872
-2.32858
-0.380108
-0.352704
-1.79911
-0.0904437
-0.308428
-3.49471
1.97072
-1.87652
-2.12865
0.400177
0.0830488
-0.417924
-0.128652
0.54196
0.0269277
1.21472
-0.0952252
0.919097
0.596155
-0.767767
-1.59228
1.70752
0.299809
-0.5248
-0.389658
-1.07064
-0.458741
-0.0496364
-0.927443
0.357859
-0.139767
-1.4108
0.0749822
1.69013
0.514013
-1.46105
0.722255
0.0411636
-1.77879
0.0223329
-1.1793
2.65626
-0.150134
-1.18653
0.581034
2.29528
-0.845605
-0.414011
0.150181
-0.164692
-2.73362
0.698909
0.125563
0.433959
0.180236
0.47062
0.107126
0.477934
-0.193659
1.37872
-2.12803
0.721182
-1.35925
1.53181
-0.544285
0.69586
0.0192976
-0.346755
-0.665264
-1.78885
-0.139739
-1.0802
-1.13572
0.218978
1.23491
0.469338
-1.06448
-0.513136
-1.01071
-0.602575
0.00782772
0.065568
0.234168
-1.16409
0.765597
1.13046
-0.117815
0.294386
0.0133373
-0.686737
0.248361
-1.13646
3.55568
0.920955
0.265221
-0.253876
0.856804
-1.03234
0.309628
-0.226297
-0.0745096
-0.135641
-0.800171
0.636673
-0.586714
-1.10603
0.629088
-0.976414
-0.348216
-0.323428
-0.167695
-0.415005
0.300033
-1.98786
1.44187
1.84975
1.00331
0.765347
0.0705269
2.02472
0.293263
0.0655036
0.334884
-1.79325
0.22821
0.441617
0.391191
-0.854674
1.42185
-2.46409
1.12998
2.12225
0.25195
1.74128
-0.733658
-0.108454
0.679869
-0.308717
-0.702764
0.15254
-0.815256
-1.11604
-1.24703
-1.80819
0.962168
-0.194749
-1.69747
2.49808
-0.259979
2.31113
-0.0371458
0.914628
0.268754
0.353005
-3.0157
-1.22672
0.025466
0.431138
-0.406548
1.23066
-3.31141
1.01031
0.272228
1.72771
-0.916331
-0.184114
-1.73852
0.587424
-0.833377
1.56031
0.138193
-1.49682
0.150723
1.0771
-0.290918
0.465229
-0.739246
-1.80974
-2.81492
-0.0517818
0.298601
-0.0931258
0.25645
0.417753
-2.20179
1.118
0.68946
-1.29574
0.0396412
-0.284643
0.537356
0.27893
-0.170059
-0.726322
0.940931
-0.00884833
1.00484
0.254436
-1.2231
0.237603
0.153998
-2.1764
-0.878354
0.446546
0.168662
1.37906
-2.38566
0.0151112
3.96827
-0.543674
0.166224
0.444415
-0.262285
-2.08669
-1.01913
-0.810745
-0.923762
1.67031
-0.0514874
1.00022
-1.82296
-1.55703
0.218736
-1.38846
0.0168637
1.43479
-2.45194
-3.84364
5.35544
-0.258386
0.601148
0.314392
0.045124
0.14642
0.445226
-1.12002
-0.170733
-2.64637
0.386965
-0.448798
0.246192
-0.00314786
-2.05863
-2.13854
2.05306
-1.00996
-2.94299
-0.669295
-1.58913
-0.925336
1.67491
0.000102423
-0.0346336
-0.884118
-0.38819
-2.44497
-0.111877
0.816512
-0.117652
2.08085
1.06698
-1.32868
0.487655
-0.365048
-1.04813
1.56355
-0.767611
-1.50783
0.067948
0.0963514
-0.269381
-0.205788
0.730777
1.14473
-0.074258
-0.442373
0.665826
-0.548429
2.60915
0.85316
0.797293
-0.191308
0.850031
-0.17923
-0.340092
-1.28727
-1.79942
-1.38191
0.60807
-0.694065
0.195381
0.0230613
0.326042
-0.316317
-1.98612
0.224329
0.446877
0.514843
0.502314
0.318624
-0.0617645
0.884047
0.621381
1.99837
-1.05056
-1.17597
-0.831839
-0.218809
2.68946
0.292313
1.89021
-0.500033
-0.15474
2.02035
0.952902
-3.62506
0.354343
-1.15215
0.175719
-1.57817
-0.943536
0.272428
2.83225
0.243697
0.887638
0.363313
-0.810275
-0.264385
-0.383359
3.37519
-2.25477
-0.177088
0.165234
-0.14183
2.13655
0.620697
1.50001
1.58067
0.71942
1.31807
-1.00283
2.06751
0.115838
0.0604596
1.07624
1.40425
0.721039
-0.246335
-0.658352
-0.479074
2.31447
-0.650716
-0.128011
0.387713
-0.221765
-1.09461
0.296615
0.341967
0.0861338
0.200175
-3.25238
0.245796
1.38724
-0.117615
1.583
0.150733
1.8136
-0.442311
-0.811372
0.322753
-0.835508
0.130244
0.820646
-1.40076
-0.329169
-0.0556572
0.0491493
-0.489645
0.152524
1.13919
1.81087
2.07208
0.0442293
0.0560491
-0.391637
0.110327
2.97623
0.873719
0.61769
0.388564
-0.0685739
0.0381409
0.946863
-1.17964
-0.560106
-0.0384619
0.291115
0.602613
-0.754843
-0.0171177
1.74014
0.373988
0.163618
-1.23001
0.407022
-2.33938
-0.882186
0.0862073
-0.74233
-0.32165
-0.474376
-2.82553
0.53279
-0.304415
1.02558
-1.35626
-0.728921
0.113938
1.38317
3.75367
-3.35833
-2.64768
0.582209
-0.101021
-1.07679
1.2063
-1.90299
-0.759713
1.91945
0.500835
-0.910467
0.0434236
2.1957
0.179698
-0.494442
0.148256
0.191877
-0.0441245
0.362388
-0.987175
0.19428
0.117207
0.426493
0.218699
-1.40223
0.884874
-0.912668
0.204851
-1.33127
0.37672
-0.471388
0.590857
-0.54424
-0.841999
-0.560019
0.0982957
2.51927
1.90601
-0.0819176
-1.9356
-0.511497
-2.12065
0.2169
0.931505
-0.461048
-0.460187
-0.366726
-2.84603
-0.969651
1.36075
1.7698
1.16416
0.587752
2.23983
-0.210004
-2.19581
-0.0544472
0.977352
0.302109
1.19496
0.53932
0.323601
-1.08512
3.55509
-0.592121
0.67024
-0.925275
0.274621
0.125731
-2.65866
5.13092
0.458282
0.154505
0.988041
0.154047
0.511184
-0.35295
0.0376297
0.247342
0.136733
0.628781
2.57544
0.10427
-0.370937
-1.9727
4.6175
-0.248955
0.975037
-0.433635
-0.681203
-0.118759
0.309328
-3.10454
-0.0710731
2.48662
1.21305
-0.37111
0.15088
1.11507
-1.22068
0.216754
0.115853
0.212861
1.66191
3.17205
0.809501
-0.0162009
-1.09029
-0.222716
-0.144861
-2.2561
0.0663241
2.76017
-0.360657
-1.21019
-0.977868
3.49899
-0.259847
0.978801
0.468374
1.85436
-0.579679
-2.42362
-0.230854
0.414641
1.11925
1.01702
-1.31345
0.22281
0.82933
-0.166352
-0.0119417
4.69192
3.75586
-1.30625
-0.636252
-0.978572
-2.69319
-0.271218
1.79428
-0.886544
1.5968
-0.157446
-2.64901
0.835318
2.71213
-1.49488
1.1777
-0.916686
0.851875
-0.0744014
2.38066
-0.309106
0.431947
-0.149443
1.08653
0.536279
0.0901181
-0.238949
-0.19653
-0.226383
-2.78328
1.25446
1.98508
-0.625473
-0.101436
0.0192
1.6748
2.4115
-0.716255
0.327309
-2.32106
1.62104
2.14378
-0.741313
1.24721
-0.650367
-0.686895
0.807794
-0.309371
-0.156831
1.70279
0.445712
-0.580955
-0.120035
-0.894695
-0.734619
0.724725
-2.05024
0.110835
-0.637011
-0.33215
-0.455818
0.101199
-0.294685
0.475287
4.6092
0.158894
-0.102619
-0.462597
0.770895
-0.526114
1.46367
-0.126447
-0.493923
-2.27062
-0.540641
1.4536
-1.9537
-2.56393
0.0415571
1.6498
0.0578949
0.23996
0.0760876
0.440938
-1.15774
1.00309
1.48835
0.194464
-0.443793
-1.8487
1.03037
-0.0993925
0.36903
1.15881
0.474314
0.198055
0.164515
5.02867
0.0650411
-0.600409
-0.101452
0.914956
0.228617
2.00984
-0.247538
0.583354
-0.400218
0.914772
1.02016
0.326423
0.895432
0.290083
-0.0342155
0.446014
1.26524
0.0409854
-0.272789
0.975163
2.83457
-0.0671475
-0.28683
-1.30533
1.02322
-1.12112
0.981305
0.330034
-0.154004
-0.851484
0.166629
-0.276331
4.01622
1.47705
0.615867
0.831028
-0.0768993
-0.117276
0.270856
-2.48392
1.3454
1.78331
0.855917
-0.957316
-0.780857
0.358446
0.599536
0.457105
-0.272445
-0.530548
0.354271
1.17754
-2.17007
-1.20488
0.0269711
0.473418
-0.269276
-0.184398
4.3099
0.918095
-0.388798
2.49244
-0.425709
-3.13806
-0.0710541
0.698875
-2.24772
0.147674
-0.44278
0.052815
-0.442341
-0.32313
1.77706
-0.372264
0.836562
-0.0379832
-2.87392
0.36965
0.037921
1.41992
0.763579
0.0422027
1.0489
-2.33381
0.34935
1.83041
1.32165
-2.51673
1.23029
-0.464067
-0.297126
-1.06388
-0.631519
0.584575
-1.20598
2.34259
3.65193
0.160019
1.53758
-1.05053
0.363926
0.32205
2.41975
0.0613185
0.638532
0.195392
-0.612218
0.376778
1.05915
-1.46222
0.179769
0.734296
-0.942726
-0.299138
0.322901
-0.155638
0.524051
0.209484
-0.89856
0.00538802
0.656919
0.718131
-2.31451
-1.10882
1.18975
-2.1726
1.21503
-1.96333
1.60426
-0.185091
-0.379127
0.796134
0.774741
-0.0428743
4.08634
-0.512656
0.291304
1.43966
0.887147
-1.04199
2.10124
0.329591
-0.180838
-0.711696
-0.243842
1.04291
1.37533
0.286188
-2.15683
-0.298072
0.156419
-0.818508
-0.0446536
-0.69395
0.106023
-0.451924
2.23146
0.211293
0.169078
-1.19855
-1.99437
-0.0420595
1.36306
0.258471
-0.46012
-0.803535
-0.495505
-2.4658
-0.437546
0.00158346
0.556109
-0.247747
-2.33571
-0.251736
0.690137
0.212013
-0.407195
0.112232
-0.22712
0.0120011
1.70221
1.93726
-0.192901
2.21778
0.788388
-0.112139
0.917672
-0.867537
-0.141649
-0.489898
0.457337
1.61859
0.233313
2.95951
-1.24211
-2.20077
0.134395
-0.0462149
1.16879
0.701367
0.515504
0.54076
-0.963988
-0.38516
-0.0558643
0.611596
-0.777944
0.487952
0.0505889
-0.916599
-2.26828
-0.214106
-0.112843
0.462462
0.106903
0.705459
0.158083
-2.72553
0.472215
-0.579423
-1.05846
3.08561
3.18455
0.336177
-1.01174
1.31136
0.486192
0.573466
0.558807
0.343941
0.441465
-0.83047
-2.21682
-1.16589
-0.0389955
-0.358192
-0.559936
0.980234
-0.947704
0.172786
0.051294
-0.446332
2.12552
0.478215
-1.3435
1.93333
-2.24422
-0.641447
0.476339
1.38714
-2.00565
0.245766
0.709968
-0.0729818
-2.43245
-0.607306
-1.21423
-0.449568
0.274193
-2.13679
0.52026
4.72233
0.826131
-1.08893
0.342424
3.87534
1.38654
1.01791
-0.869056
-0.24146
-0.258323
-1.58128
-0.247633
1.95652
1.47061
2.27896
2.72938
1.46284
0.504167
0.166055
0.402272
-0.0496803
-3.82306
0.873467
1.27462
-0.0709697
0.0763313
-0.0976346
-0.212071
-4.13079
-0.583016
-0.286991
1.03038
-0.800253
0.209378
-0.678581
0.152912
0.370735
0.547399
-0.0339769
0.873773
-1.07852
0.166029
-1.43946
-0.24668
-2.03088
0.27058
2.6509
1.04758
-2.29476
-1.47436
-0.0788227
1.04729
-0.709709
-0.176846
-0.537152
-0.380912
-0.0244412
-3.71372
-2.21854
0.695262
0.134409
2.6242
-0.0567398
0.530824
4.71553
1.13569
-0.391758
1.01687
-2.28727
0.482796
1.00868
-1.79829
0.423687
-1.40155
-0.110502
0.33933
-0.474832
0.986034
-1.13735
0.562281
0.538089
3.0824
0.389871
-0.357731
-3.76643
0.798524
1.28277
0.448445
-0.0337322
-0.220431
-0.754717
-1.05866
-0.329218
-0.785877
-0.31625
1.36029
-2.05129
-2.0441
-3.6601
-0.00871383
-2.34642
2.44021
1.5107
-0.704233
0.84848
0.31777
-0.242417
-0.541727
-0.366159
-0.328377
-1.72158
2.85759
-0.061152
-0.23254
1.16317
-0.677998
-0.256914
3.29717
-1.43271
0.23085
0.136828
-0.101486
1.65198
-1.52091
3.22028
-0.0651594
-0.0682643
-0.97832
-0.340901
0.283655
4.30793
-1.55944
1.00302
-0.882827
0.112612
0.363327
1.88001
0.848
0.998483
0.517028
2.02412
0.314156
0.939351
4.43141
0.576037
1.30109
0.621772
0.785607
0.83231
0.757145
-3.53883
-2.23275
0.140934
0.844513
-0.268055
1.86942
0.561129
1.01556
-0.294295
1.81893
-0.10791
0.776016
0.858594
-0.365923
-1.38896
-0.32321
2.30034
-0.331753
-1.1196
0.466808
-1.17382
-1.08477
-1.25629
-0.111151
-2.25176
-1.32871
-0.970853
-4.55981
0.0194689
2.90234
-0.282731
-1.57853
-0.346004
1.71148
-0.174454
-1.01569
0.200662
0.2289
0.865023
0.174593
0.632759
-2.21095
0.23699
0.373093
-1.19709
0.239383
-0.0803149
0.719028
0.950141
-0.323058
-2.20144
0.523755
1.25798
2.33483
1.10402
-0.0177263
-0.42219
-1.52979
0.630873
-0.27365
-1.46048
0.400761
-0.882691
1.61534
-0.124239
2.15002
0.343422
-0.298288
1.83871
1.01284
-0.219765
-1.3299
0.449689
1.12255
0.797666
-0.0604064
-0.946061
0.349504
-1.38204
-0.430704
2.84525
4.3709
1.02474
-0.232196
-0.459892
-0.838693
-0.169736
-1.67293
1.45214
-0.325304
0.835479
-1.79777
0.982128
-0.581276
0.139343
0.781027
-0.109712
-0.141349
-0.597161
0.270706
-0.759882
0.469892
1.13587
1.05203
0.314842
0.634808
-1.39162
0.566156
0.183452
0.0401655
0.442015
0.233545
-0.493884
-0.485144
-2.43746
-6.27874
-0.207304
0.627519
-0.601559
0.599002
-1.98601
-1.10691
-2.20097
0.393206
-2.59792
0.79322
-0.0206688
-2.59759
1.10447
-1.78936
5.31614
-0.135664
-3.07436
0.427082
0.350295
1.56712
1.96076
2.18517
-1.03894
-4.26619
3.28582
-1.93497
-0.27711
0.0957614
1.09221
-1.50544
0.0532791
0.856654
-0.338832
-0.0314467
-0.767627
-2.20453
-0.487252
-0.329404
0.511313
1.58919
-0.0915331
-0.571517
0.527692
-0.464188
-1.23185
-1.35717
1.38969
0.35517
-0.600981
0.601308
1.47539
-0.635465
2.54755
-0.3399
-1.17966
-0.0979453
-0.797546
-0.082765
-2.33689
-0.0233509
2.26015
-0.169256
3.26137
-1.17563
-0.232498
0.498324
0.507452
-1.4472
0.866685
1.73976
0.122488
-2.29991
-0.792123
-1.69931
-0.338796
-2.14254
-0.792137
-0.153262
-0.285663
0.983984
-0.998353
0.675902
2.1778
-0.931352
-0.607809
-1.58961
0.883284
2.1445
-1.09001
-0.479403
2.45312
-3.2317
0.228848
1.20471
3.76681
3.81433
0.0724065
3.25629
0.468731
1.30969
-0.213033
2.50437
-0.469774
0.241872
-1.61318
0.337648
0.136682
-0.226665
0.433543
-0.136874
1.34675
4.6427
-0.428826
-0.0291454
-0.0609994
0.852972
1.75045
-0.451238
-0.839713
0.208803
0.0259487
-0.841996
1.46808
-3.30714
-0.0933261
-0.0898863
0.760853
1.86201
-0.345533
0.245139
1.8352
-0.140314
-0.563971
2.9972
-0.554457
1.33492
-1.12792
-0.795787
0.625316
-0.841394
-0.682105
-0.463397
0.532229
0.400557
0.124985
0.204996
-0.335915
0.297764
-0.726676
0.440178
1.70379
2.24636
-1.25817
2.13157
-0.329971
2.54913
0.969609
3.538
-1.68278
0.253477
-0.925849
-1.32951
-0.345647
-0.717785
-0.113279
1.06584
0.391504
-0.343373
1.63579
-0.410098
0.571497
0.18822
1.85253
0.337513
0.0194455
1.25024
1.41341
0.647943
0.555655
-1.28841
3.04021
-0.58809
1.61159
1.36388
-0.243217
0.0608124
-0.914024
-4.56494
-0.443152
-0.657205
-0.863903
1.65119
0.2131
-0.352426
-0.202144
-0.447884
1.07799
0.242432
-5.46533
-0.0997343
-0.104095
-0.480448
-0.412675
0.173731
1.07397
-0.930021
-0.369186
2.56975
1.9147
-0.284141
-0.205296
0.123943
1.23558
-0.309004
-0.196553
0.765199
-0.460737
-0.498429
-0.500312
1.95823
0.202427
2.82512
-2.09471
0.346311
0.0404371
0.123125
-0.238944
1.03941
-1.2113
-0.196046
-0.17838
-1.67258
-0.538919
-2.88539
-0.016887
-0.796877
0.178518
1.23517
1.20573
-0.530442
1.58762
-0.365221
-0.400725
-0.756256
-1.38439
-0.196793
0.878024
0.143607
-0.37794
1.79737
-0.0810535
0.429295
-2.71655
-0.130768
0.129643
-2.53017
-0.372717
0.758464
0.0366267
-0.128316
1.90169
0.868922
-0.32065
-0.0113618
0.196943
0.0864892
0.196395
1.02265
-1.23674
-0.228405
-0.0313031
-0.461095
4.77723
0.123104
-0.68186
1.74649
-1.57509
-1.27238
0.4475
-2.88778
1.61686
-0.156103
-0.340731
-1.16473
1.36885
1.18585
-0.970013
-1.68038
-0.215743
3.86438
-4.97743
2.65757
2.43653
0.233841
-0.2565
-0.404686
-0.255358
-0.736552
0.711444
3.35593
-0.29879
-0.995511
-1.02037
-1.14622
0.0609254
0.469188
0.752126
0.869392
1.76772
-0.00833931
1.31874
3.27361
-0.716554
-0.141193
0.547731
-0.124042
-1.88021
-0.545122
-2.40685
-0.491166
0.319557
-0.282027
2.59369
-0.987828
-0.401967
0.0545369
1.48663
1.39525
4.01266
-0.583723
0.294867
4.24277
-0.537204
0.0900476
0.690062
0.923091
0.123761
-0.559078
0.105617
-0.686627
0.207741
0.0609651
-1.22067
-0.144208
0.515707
1.46753
-0.56276
-0.763345
1.52212
-1.6347
1.48653
-1.66981
1.12559
0.106473
1.47742
-0.288454
-1.20961
1.2133
-0.113539
2.58879
-0.654022
1.29414
-0.817254
0.85681
-0.669942
-0.175471
0.220793
0.487667
-1.2483
0.501259
0.456758
2.42636
-0.237919
-0.13589
4.86818
-0.755853
-3.06231
0.778877
0.175534
-0.249117
-0.419633
-1.37319
0.0949674
-0.123539
-0.697371
2.76869
-0.0184303
-0.0113886
-1.31655
-0.193774
-0.513638
1.06167
0.990436
-1.93514
0.0782558
4.48759
-1.17554
0.0430991
0.983266
-3.10218
0.468736
-0.242545
-2.03795
-0.121405
0.142888
1.63356
0.312428
-1.0664
0.971125
0.428649
0.806152
0.491462
-1.55477
1.37824
1.63298
1.3046
-1.13092
-0.348461
-1.47973
-1.97371
0.173107
2.87224
-0.19429
-2.68094
-0.258349
0.265445
-0.279085
0.779576
-0.30578
-0.213737
4.31044
1.84926
0.0480539
0.223438
0.169278
-0.409334
0.57882
-1.04798
1.24831
-0.419318
-2.1519
0.507341
-0.794597
-0.553457
-1.82163
0.113501
1.03332
0.0882629
-0.451656
0.0497716
0.366689
-0.654876
-0.335582
1.3882
-0.311621
-0.303414
-0.748219
-2.11445
0.0112918
1.03343
1.66935
2.00915
1.05533
-0.738352
0.0201259
0.21973
0.117787
0.0653326
-0.0437882
2.06293
0.77232
-3.43808
0.856532
0.0275066
3.21743
-0.0307363
0.595092
1.02382
-1.27176
1.21958
0.774561
-0.792178
-1.15547
-2.04428
-0.115856
-0.123227
1.02286
0.183215
0.0442973
-2.56024
0.687617
-0.662017
5.12061
-0.00271049
-0.888145
0.843074
1.55087
1.75756
-2.72543
-0.264258
-0.895116
0.668875
0.949984
-0.937998
0.5704
0.0924778
1.6677
0.788474
-0.248441
0.353339
-3.48424
0.312211
-0.689385
-0.123943
-0.835904
1.6207
-0.241028
0.325685
-2.09125
-0.44999
-0.477224
-1.38681
0.104438
-0.113287
1.08754
0.0222116
4.68543
-0.358562
0.758988
-1.017
-0.51465
1.10011
-0.911838
-0.373384
-0.611431
0.0202672
-0.764679
-0.404122
0.00392049
-0.665379
0.849961
0.387581
3.0828
-2.56206
-1.07598
-2.72866
0.37146
-1.10473
-0.1973
1.68952
-0.449243
0.229739
-0.184226
2.36149
-1.34426
-1.36846
-0.85993
-1.75487
0.631879
0.755003
-0.0260041
-1.36763
0.7622
-1.36602
1.19015
-1.74689
-0.157498
0.27992
-0.388663
1.74966
2.53679
-4.03646
-1.04213
-1.14347
0.0483557
-0.177555
-0.922721
0.814504
-1.01808
1.68281
0.582183
0.524796
2.04758
0.356546
-0.950688
0.914602
0.445457
0.565364
-0.0901932
-1.65576
-0.296103
-1.43461
1.60131
1.2575
0.151159
0.351988
-0.296445
-1.3104
-1.45262
-0.304204
-2.11297
-0.198326
0.590009
0.173069
0.337693
-1.84382
3.53773
-0.392608
1.77518
-1.03561
0.330933
-1.14694
-0.251071
0.111503
-1.17382
1.03641
1.12309
-0.110533
0.358045
-3.11014
-0.117984
0.348506
1.41073
0.839783
4.05024
1.47172
-1.57412
0.460423
2.01109
-0.976099
-0.45912
-0.674101
2.10024
0.772789
0.362247
-0.803859
-1.30647
3.09621
-1.28956
0.247262
-0.89025
1.09932
1.40062
-0.139551
0.0297227
0.879601
0.373659
-2.09775
-1.36697
2.2482
-0.297093
1.37695
1.01706
-0.998212
-1.97714
-1.95334
-2.72381
0.180137
-1.74702
-3.8362
-2.87264
-0.348504
1.5894
0.342745
-2.78801
-1.50006
0.214052
0.278207
0.40236
-0.746654
0.793438
-1.29847
-0.659211
-0.0451293
2.16051
-1.29222
-1.17239
0.791591
-0.793332
-0.800636
-2.508
-1.57112
-2.55615
-0.300916
-0.625585
0.0824954
0.134634
1.22923
1.44158
-1.18496
-2.00319
-0.687446
0.147811
-0.0049934
0.100351
-0.0237736
1.29322
-2.37641
0.696826
-1.55508
-0.676978
0.00520201
1.27409
-0.504453
3.59087
1.62045
1.15864
-0.266294
0.818151
0.559343
2.04415
1.08949
0.255714
-1.41663
-0.209976
0.457434
-0.827869
-0.649874
-0.642209
0.00681463
1.62206
0.0364989
-0.723724
0.796165
0.415854
0.352296
-2.45169
-0.770292
1.0466
0.0897094
0.892126
1.52179
2.27873
1.57613
0.239702
0.741052
1.01902
-0.240919
-0.345804
-3.47195
-0.34807
-1.06749
-0.0151386
-0.363764
1.38666
-1.44119
0.770495
-2.23299
0.0939748
-0.96269
0.242841
-0.0636074
0.550594
-2.74481
0.477211
-0.0611977
-1.75303
1.10107
-0.362039
-0.846226
-1.22445
-0.0891453
1.30006
-0.282306
0.0637434
-0.0829849
-1.77815
1.22564
-0.60929
-0.347122
-2.61918
0.217008
-0.455979
-0.842612
0.472705
1.56804
1.43254
-1.06452
-0.780577
1.5288
-0.0968139
-1.13912
0.225286
0.725169
0.324758
0.440118
0.620184
-0.303008
0.678754
0.224624
-0.488235
-0.200993
0.814205
2.17774
0.253914
-0.135942
0.176875
-0.49313
0.750832
-0.113719
0.110161
-1.20059
-0.650611
3.22694
-0.696977
0.144
1.07179
0.227607
0.431784
0.429956
-0.902052
-0.133732
1.75209
-0.472331
-0.0363149
1.95156
0.736227
0.153817
2.16515
0.258391
0.799888
-0.339159
2.22126
1.14588
-0.379795
-0.359069
-0.942318
0.832383
-1.50955
0.633381
1.04261
0.19169
0.534329
0.346526
0.526441
0.0719079
-1.16504
2.29547
0.413914
0.0545441
-1.00261
-0.703993
0.059855
-0.0159535
0.00895626
0.961661
2.1461
-0.409048
-3.23936
0.0786604
0.34449
2.54673
1.21088
2.56355
-0.462942
-1.07796
-0.413655
0.413017
1.13581
0.729348
4.35876
0.850016
1.34234
0.696367
0.678667
-0.300918
3.41844
-0.54258
-1.16773
2.05155
0.0662362
-0.323947
-0.407975
-0.00625718
-0.170537
-2.42757
-0.768279
2.10179
0.468275
-1.87398
-0.704617
1.18243
0.874714
1.88634
-0.970797
2.00704
0.645658
-1.81847
-0.405338
-0.164528
0.957402
0.398378
-0.781738
1.37671
1.80344
3.15164
-0.112288
3.07566
2.73789
0.456971
1.75054
0.470358
0.254091
0.194349
-0.524805
0.331166
-0.343242
-1.37973
-0.513954
-0.585428
-0.20532
-0.713883
0.254597
0.53992
0.237521
0.262496
0.116229
-0.151445
-2.29952
-0.185944
-2.64929
-1.00111
1.43217
0.822568
-2.06534
1.16101
-0.305648
-3.78838
2.97386
-0.817329
0.684358
1.15686
-1.35115
-0.222515
1.84584
-1.88981
0.915467
0.288219
0.266514
-5.98057
1.781
0.19505
-0.996174
-0.0898596
1.73886
1.0102
2.60979
0.589301
-0.381308
1.48985
-0.046754
-0.0716034
0.715711
1.34541
-0.190088
-1.1597
-0.203123
-1.21782
0.367694
-0.0638026
0.348122
2.62025
-0.275445
-2.13303
0.843348
-0.101295
1.62955
0.337064
0.0423855
1.49394
-0.729145
-0.160582
-0.0467266
0.333563
0.575203
2.19675
1.58796
0.583747
0.725364
0.156613
-0.0381654
-0.945059
0.00994067
-2.32379
-1.33858
1.15783
1.29499
0.43442
-1.02763
-2.57798
-1.33789
-0.845655
-0.0606457
-1.49638
0.517785
-0.357061
0.494962
-0.580034
2.57465
-0.337166
5.56011
-0.512636
2.19975
-0.55619
-6.36597
-0.131977
-0.8643
0.66019
-0.02999
-0.400302
-0.330795
-0.0212541
2.17472
-1.97364
-1.0088
0.652165
2.42391
0.663098
-0.0367188
0.526833
0.00891303
-0.295651
0.608329
0.91654
-1.41603
0.211145
0.536746
0.249258
-0.840611
-1.3717
0.458411
0.126268
-3.3415
1.03946
-1.66523
1.08858
0.982817
0.363182
0.353169
-2.52647
1.8752
0.62759
1.7578
-0.730079
0.317353
-0.0338908
-0.199406
0.880407
0.668681
-0.485933
0.158754
-0.107409
0.617338
-0.511568
0.92865
-0.740924
-1.48272
1.55298
0.0473357
0.794136
0.254969
0.000800881
0.330678
0.303771
0.0976756
0.885173
-0.649366
-0.0314211
2.30951
-2.22584
0.110078
-0.044827
0.396242
-0.930763
1.00918
0.6369
0.878513
-0.216149
-0.321124
0.426812
1.16265
-0.904948
-0.977981
-0.361155
-0.312608
0.36283
-0.650408
0.840849
-0.0770493
-0.70352
-1.47051
-0.0106147
-3.87307
0.394894
3.73263
3.59794
1.29828
-0.753768
-1.21448
1.03145
-0.0445674
-2.4255
-3.6015
-0.57055
-1.13531
0.969272
-2.02453
-0.212515
-0.612069
-1.65361
0.370145
1.03424
-0.013103
4.08368
-1.51511
-0.761771
-0.0230062
0.307864
0.729576
-0.981244
1.65666
0.486111
1.78778
-0.181877
0.0283785
0.0892084
-0.43171
1.40247
0.393545
-8.22703
-0.533237
0.452571
1.11841
-0.691768
0.387964
-0.156782
-0.358445
-0.605775
1.53929
0.512722
-0.544442
-0.0125628
-0.336996
-1.00104
3.46818
-0.0850681
-1.19146
1.65105
-0.783291
0.989483
-1.14035
1.05209
0.474546
-0.361289
0.154599
-0.542606
-1.60585
0.322081
-1.9549
-0.212841
-0.845228
4.8596
-0.00654683
-0.961678
2.31374
-1.95154
2.12758
-0.257527
0.663019
-1.2309
0.762256
-0.877179
-0.399308
-0.77928
-3.32278
-0.678453
2.63231
-1.54261
3.12024
0.263484
-0.0809006
0.521255
1.49927
-0.543693
-2.09181
-0.58368
-0.691113
-0.999395
2.61266
0.455367
1.02382
0.172939
1.63141
4.74467
-0.864294
-0.616221
0.0158502
-1.77253
1.166
-0.540633
0.85463
0.240624
-0.655645
0.121409
0.541636
0.407103
-0.0865542
-0.0613503
-1.48937
-0.491116
-0.244992
0.0156689
0.148692
-0.312157
1.06915
0.336149
-0.672438
-0.653568
0.484814
0.589386
-2.14411
0.981169
0.316332
-0.412574
-0.115169
-1.80034
-0.64549
-1.33597
0.00489889
0.531384
0.172525
-0.279901
-1.6119
0.679315
2.39852
-1.53766
1.44729
0.583943
-0.592166
-0.241687
1.80182
0.189604
-0.483202
0.218905
1.49015
0.058646
-0.0368413
0.15863
2.72675
-3.07321
-1.42816
0.289884
-2.39463
-0.289303
-0.314032
1.03739
-5.60846
-0.969789
-0.322388
0.159086
1.55172
-1.17155
-0.986517
-2.91136
-0.238806
-0.216339
-0.147583
-1.9461
0.12723
-1.49896
1.32336
0.937084
0.609793
-1.11077
0.675346
3.22843
-0.241684
1.51414
-1.47472
1.1939
1.86243
-0.291051
0.572717
1.3761
-0.0919127
-1.20485
0.325924
0.694239
-3.77518
-0.154735
-0.0527095
1.22465
-2.98367
1.68686
-0.0993254
-0.434258
0.881001
0.882592
-3.30873
-0.834574
0.700599
1.34466
-0.26225
2.19702
-0.268761
0.455384
-1.59201
1.36338
0.298856
-0.856961
4.07745
0.289939
0.0932913
-0.503402
-0.744717
-0.487735
1.96779
0.130622
4.53917
1.0681
-1.31242
-1.15775
-5.59001e-05
2.08881
-0.0780519
2.2947
-0.786043
-0.663562
-0.0707787
1.21612
1.71543
0.429681
-0.237809
0.239678
-1.37784
0.656535
-2.27756
-1.55833
-0.331435
0.448007
1.06481
-0.731786
0.533925
0.766254
0.325197
-0.853766
1.31872
1.1866
0.131051
-0.144805
-0.106549
-2.01837
0.236377
-1.01829
-0.63474
0.545046
0.887431
-0.736441
-0.775649
-4.10803
0.183814
0.175649
-1.16115
1.88946
-0.788525
-0.438857
-0.0398334
2.98437
-2.32692
-0.611879
-0.854492
0.10414
-0.379589
0.328108
2.05234
-3.26337
-3.71199
-3.94264
-1.01809
0.166293
0.192091
-1.51838
-0.460747
-0.42954
1.07985
1.86961
-0.0617115
-0.0641549
0.959559
-0.468416
0.650963
0.886645
1.64363
-1.83972
-0.583741
0.134979
0.226031
0.00671177
0.245317
-0.821013
-0.708294
1.24653
1.45877
-1.31199
-2.1269
0.774337
-4.24244
-0.21487
0.248599
0.868164
0.230291
-0.65675
-0.921345
-0.390112
-0.0176077
0.633531
1.59473
1.32781
-0.171247
0.171682
-0.586876
1.45285
0.6033
-0.0555928
0.955183
0.445862
-0.186594
0.158597
1.27723
0.436435
1.08672
1.40009
0.176455
-0.0257693
-0.129203
-0.183718
0.491212
-0.802623
-0.780932
2.1602
1.1303
1.9664
0.634393
-0.9208
0.451457
0.640416
0.738973
0.947888
-0.153432
-1.13496
-0.831605
0.671503
-3.99741
0.320793
-2.29675
-3.5138
1.5361
-2.71768
-0.0233347
0.0373572
0.312737
0.634035
-0.0615022
0.979493
-0.194775
-2.10228
0.235954
-0.257995
-0.259445
-0.360721
-0.469064
-3.41741
-1.15007
0.87685
1.33677
-0.275485
-0.0476885
0.944721
-0.0441397
2.58067
0.976075
-0.0271529
0.0996785
0.176216
-0.733949
-0.268312
-0.69945
0.64524
-0.76515
0.455531
-3.16079
-1.03192
3.53731
1.36886
0.287025
-1.43127
0.147943
-1.51873
-0.0551841
1.01937
0.861032
0.798913
-1.80737
0.491547
0.565405
-1.12643
-1.3808
-0.758802
-1.915
-1.20635
0.0570059
0.366602
-0.460082
-0.166887
-0.29166
-1.46296
1.57142
0.0812077
-0.742232
-0.0332318
1.7009
-0.0156712
0.342748
0.365362
1.11191
1.58002
1.40406
0.844556
-1.86645
0.0374625
0.493202
-1.05594
-2.84709
0.0228827
1.61532
0.90901
-1.37328
-5.72532
0.31117
-0.876291
-0.201091
0.953775
-0.0028639
1.60806
-0.418018
-1.75559
-0.0883923
-0.18728
-1.15188
-1.83543
0.660567
1.38502
-1.37027
-0.317578
1.64574
-0.058105
0.503588
-0.221273
-0.333288
0.0244804
-0.428521
-0.27354
0.469102
0.893316
-0.488151
-1.44199
2.64666
0.548276
-2.00662
-0.224704
-0.231496
-1.62476
0.567754
-0.0119129
1.72266
-2.60577
-2.2362
-0.255088
0.936223
-0.0677658
-0.464009
1.3668
-0.615201
0.0840863
0.797698
-0.241068
-0.18862
-3.18699
-0.0363146
0.00110169
-0.0445327
0.472434
1.51312
-0.281375
-0.438615
-0.352653
0.0231097
-1.25961
-1.00968
1.07263
-0.720938
1.80454
-0.312696
-1.18653
0.256517
0.359599
0.204033
0.054741
2.02334
-0.0474613
0.0401813
1.07623
0.0890476
-0.670113
3.0031
1.02941
-1.24869
2.49454
1.65049
-0.499425
0.173151
1.01566
3.52923
0.186017
-1.20318
-0.166231
1.63009
1.7725
0.0741655
-0.440711
0.128717
-0.944734
0.758468
-4.18257
-0.279295
1.77193
-0.314122
-1.24592
-0.827984
1.26345
0.19413
-0.888665
0.467358
0.087645
0.168816
-0.0961467
0.195901
-1.66158
-0.487682
0.82481
0.143269
0.607086
-1.46713
0.349605
-0.670462
-0.215953
0.768605
-0.40462
-1.30434
1.30998
-0.258208
-0.147286
0.110516
0.171204
5.89548
1.17169
0.727719
0.367575
-0.105929
-2.11548
2.36626
-0.414337
0.374605
-7.82934
-0.137238
-2.37331
-0.121977
-1.72972
1.97759
-0.96838
-3.8659
0.127928
-1.80846
-2.04204
-1.16632
-0.25259
-0.0825719
2.14323
1.07197
1.10504
2.47538
-1.19788
0.330307
0.0947941
0.00521279
-2.74289
0.515127
-0.031786
-0.202167
-1.39261
-0.716246
-6.65666
1.1909
-3.00558
0.468498
-0.069038
-0.591194
0.593567
-0.519757
-2.39391
-0.192884
-0.202679
-2.6574
-0.660553
0.517322
1.34466
0.713609
-0.802808
0.700248
2.9679
0.203075
-4.20765
4.01743
0.305874
-0.534814
-1.46126
-0.25404
0.12215
-0.903808
1.21227
0.573572
2.07799
-1.42739
1.16878
-0.742369
1.12514
-1.86153
-1.19558
0.151967
-1.58213
-0.392559
-2.16966
-0.671677
0.0445511
-0.24647
0.726545
-1.88582
-0.297327
-0.240981
0.330189
0.0350769
-0.122171
-2.23589
1.52825
0.141718
1.56238
-0.23636
0.720078
-0.424675
-1.95638
1.52903
1.33429
0.514222
0.809472
-0.152269
1.66157
-0.407744
-1.82225
-0.180234
1.10818
-0.930992
-0.150263
2.05438
0.0550249
0.854766
-0.00499624
1.33587
1.11502
-0.162712
1.12584
1.28634
1.33974
1.5472
-0.102661
3.28259
-1.77109
0.992123
0.334582
0.856385
0.130115
-0.258745
0.307894
-0.772668
0.0649306
-1.92481
2.25613
-0.707764
-1.21177
0.745898
-0.442703
-0.928363
-0.229487
-0.942893
-2.15633
-1.22838
-0.516714
0.0535445
1.90295
-0.962669
2.01775
0.773637
-1.80741
2.17679
1.44078
0.699678
-1.55826
-0.233654
1.18136
0.393901
-0.867514
-1.99015
-0.332978
0.779704
-0.0436012
0.0225929
0.500105
-0.902389
-1.29039
-1.63179
-2.34176
0.772315
-2.98106
-0.0043277
-0.584846
-1.81545
0.972229
0.721882
2.63602
-1.47659
0.909188
-3.56582
-0.404776
-0.455314
-0.372672
-0.272223
-0.210399
1.22801
-2.47444
-0.832588
-3.9584
0.181984
-1.25088
-0.0725906
-0.325037
0.0564353
0.863599
-0.402177
-0.0433166
-1.26547
-0.23354
0.16168
0.939225
-0.913443
-3.12411
0.132534
0.786808
-1.89171
-0.124405
-1.43256
2.79544
-1.3101
-2.5202
-1.16179
-0.344434
2.75923
1.33388
-0.452877
-1.85356
1.68517
0.486613
0.366729
1.5287
0.937611
-0.823892
0.337243
0.468339
-0.0434237
1.98639
0.181312
0.873252
2.36989
0.927734
0.275581
-2.0011
1.00759
1.00146
0.444089
-0.991474
2.30171
-0.445815
-2.24301
2.68416
0.97122
1.032
-0.949534
-0.651927
2.27981
0.361696
0.32768
0.693994
1.08987
0.719949
0.855516
-0.147626
0.0201409
0.625483
0.544855
-0.755565
-1.54146
-0.759567
-0.211676
-1.02366
0.660915
-1.34046
1.90727
0.196181
-2.18182
0.486053
1.86911
-1.09022
0.579113
-0.0680863
-1.31819
0.385635
0.329011
3.90431
-0.928412
-0.426949
-0.424546
0.216473
-0.926459
0.616021
0.829104
1.11099
-0.612415
-0.559742
-0.126383
-0.00190576
-0.263873
-0.0921374
-0.0324784
0.450638
3.84788
-0.391892
0.443109
-0.576041
-1.10787
-3.39634
1.97705
1.06958
1.22121
0.0738023
-0.0449065
1.97399
0.62746
-0.145689
2.46028
1.04048
-0.846501
0.133807
-1.52459
1.09441
1.62223
0.341936
-0.0793907
2.87972
-0.709064
-0.802506
-0.0885801
0.243169
-1.68246
-0.0493319
-1.34796
0.176918
1.36493
-0.424318
0.494792
0.998528
1.53235
-0.402631
0.130558
1.049
-2.59476
0.00221155
0.0224856
-0.868612
-1.51017
-0.62031
-0.0855182
1.86357
1.69169
-0.0194543
-1.67191
0.0396594
0.126322
3.11728
-0.166993
-0.629352
0.34509
0.599354
0.870348
-0.771425
0.222551
0.539294
-0.717434
-1.42904
-0.497655
1.22193
0.125072
-0.0728515
-0.992348
1.36117
0.564152
0.700332
-0.199877
0.274976
0.640812
-0.552807
-1.28164
0.541217
0.0185197
2.10665
0.261544
-0.839828
-0.0665712
-0.0777156
2.84821
4.27687
-0.474384
-0.424051
1.81973
1.15606
0.406751
1.31194
0.791041
0.00320804
0.768695
-0.14982
-0.749095
-0.515488
-0.116865
-4.62673
-0.939101
-1.13455
2.73861
0.843378
-3.04391
-0.00668193
-0.335583
-3.80831
0.230498
0.595435
0.164477
0.188124
-0.189532
-2.11212
2.12289
-0.864969
-2.99705
0.499401
-0.0360049
1.49124
-1.05892
0.151621
1.49193
0.0146261
1.22412
0.31888
1.16065
-0.00373085
0.791464
-0.783637
-0.273563
-0.0991448
-0.731284
-0.0762006
-1.7329
0.999309
0.468
-1.02761
-1.39933
-1.2244
-0.370839
-0.15798
-1.41791
-1.32816
0.483288
0.94101
1.03653
-0.791118
1.72853
-0.264993
0.905955
2.66841
0.598314
-0.489569
-2.36296
-1.53705
1.16489
-1.34741
0.732528
0.0996983
-0.271888
0.706492
1.02036
0.878603
0.643751
1.85079
-0.145534
-2.08591
-2.47008
0.911128
-0.537058
0.28009
1.68153
0.497973
0.238478
-0.504761
0.0283537
1.2037
-1.13665
0.217964
-2.15592
-1.09371
-0.0572784
1.43369
0.879627
1.40596
-1.65025
-0.734993
-0.235911
-0.0517265
-0.507309
-0.323697
0.944029
0.267377
-0.952266
1.14638
1.44461
0.391958
0.395687
0.377474
0.641941
-0.973085
-2.39156
0.287286
-0.670045
-0.547337
-0.822456
0.557824
-1.29712
0.779621
0.380844
0.37262
-0.914851
1.74966
1.21858
-0.165787
0.118622
-0.348747
-0.0254002
0.900884
1.35819
1.47211
0.018624
-2.54135
0.630074
-0.327283
-0.0820273
-0.199327
1.06407
0.0785807
1.63611
0.374375
0.322697
-0.269634
-0.123858
1.15069
-1.06563
-0.951873
-0.2788
1.08906
-2.34226
-0.840842
2.85715
0.0907398
-0.0106289
-0.669349
-5.26588
0.0107069
0.391719
1.71925
-3.00339
-0.920365
0.215743
-0.0737892
-0.390535
-0.144626
1.84591
0.102635
-0.233466
0.886595
0.297809
1.81427
0.155241
-0.0209882
1.00507
-3.78076
-1.72427
0.359221
-0.0827285
0.606469
4.67482
4.85958
2.08326
0.79955
-0.297608
-0.993839
0.789868
-0.482966
1.47138
0.60328
0.471671
-2.59619
1.1258
0.106244
0.0884852
0.770041
-1.73453
-0.331894
-1.15834
0.0854367
1.83424
-0.320081
-0.407828
0.302037
-0.0676772
0.0481276
0.133982
3.98246
-0.615296
-1.9234
-0.452262
0.827023
2.48876
0.142511
-2.73278
-0.441596
0.0773702
1.11839
0.301308
0.425068
-0.396288
-0.912743
0.819225
-0.527202
-1.66317
-3.53966
-0.802604
2.90816
-1.91641
0.897449
-0.333917
2.09714
-1.20153
0.0138341
0.123424
-1.54753
2.77192
0.616526
-2.75817
-1.58698
-0.51549
-0.564761
0.710405
5.2683
-0.128205
-0.985059
0.118266
0.0243526
0.524029
2.60839
1.05195
-1.75254
-0.357006
-3.03528
0.915262
2.90789
0.470441
1.27976
-0.364289
0.175067
1.2364
0.343187
1.1056
1.53866
-0.875018
3.30471
-1.18365
-2.93727
0.210049
-0.429879
0.775019
0.587681
-2.39468
1.29128
-2.00035
-0.869456
-1.43322
-0.14937
1.21631
-1.45082
3.30588
-0.525682
-0.43349
-0.316829
0.0915644
-0.720503
0.5562
-0.0753337
-0.994705
-0.270347
2.99593
2.40138
0.315616
-0.799747
0.526957
2.88588
0.954092
-0.240158
0.357919
-1.35142
0.771803
-5.24119
1.72432
-0.142313
0.843897
-0.889616
-1.04091
-0.607879
0.727951
-1.98717
1.59828
1.53709
-0.323216
0.14003
-0.405241
-0.321205
-0.0998019
-0.586121
-0.0307784
3.38543
3.1897
-0.493467
2.28692
0.117687
0.421422
0.337265
-1.59639
0.0537233
-1.18386
0.848254
-0.844585
-0.392848
-0.249195
-0.0076057
0.954175
-0.669077
-0.961074
0.411734
-1.13079
-0.00890088
-0.610633
2.41385
-0.212459
0.083736
-0.0375471
-0.121454
1.05546
1.42273
4.09807
-2.90494
-4.7362
0.525448
0.972524
0.767108
0.382406
-4.1404
1.25704
0.396697
0.662079
0.0398577
0.638345
0.402649
0.387116
0.399597
-0.269003
2.07015
-1.68653
0.634944
2.73252
-0.651102
-0.54718
-1.79154
0.425358
-0.221125
0.0602689
-0.460514
0.0851523
0.108261
0.217764
-0.961498
0.21004
3.10765
-0.257345
-0.548787
0.757093
-0.218348
2.87192
-0.885056
0.0732369
1.17634
0.958474
-0.116534
-0.0484449
-0.705439
-0.194177
-0.309295
-1.00558
2.62106
0.135449
2.39543
-0.853999
-1.89864
0.475013
-1.74936
1.47296
0.16762
0.12159
-0.221563
-0.327746
1.4022
0.0797128
0.952507
1.75218
0.421557
2.95062
-0.521114
0.852747
0.60489
-1.67195
-0.887784
-0.235453
1.4959
0.560813
-0.736864
0.072525
-0.746435
-0.221616
2.18951
1.0136
-0.480774
0.841219
0.470329
-3.57658
-1.79672
0.0297483
-0.492577
-0.38803
0.267724
-1.48626
0.0831655
0.717067
1.75661
1.09912
-0.555124
0.741832
-1.78407
-0.895932
0.10751
-0.143449
0.203711
0.905172
0.205949
1.05708
0.386486
-1.52999
0.550086
-0.704639
0.00863047
0.424879
-0.485666
-0.0517654
-1.92736
1.1911
0.368516
1.54016
-0.0962934
-4.03118
-1.64509
2.28118
-0.224396
-2.99809
-0.206299
-2.00702
-0.281155
0.315268
0.398786
-0.237135
1.07094
-2.0236
0.205983
0.478348
0.101106
2.54165
-0.827192
0.531798
0.0623255
1.13405
0.900441
-0.914888
1.19245
0.736449
-0.0535559
-1.15458
-3.94778
0.619813
-0.0988918
-0.670447
-0.525049
1.25224
3.74947
0.50173
0.660504
-0.00431458
-0.143948
-0.142142
0.315039
1.68654
-2.04253
0.0982883
0.10735
0.187323
0.335873
0.43713
0.970293
0.646098
-2.41909
-0.289655
-2.13584
-1.96272
0.490155
0.892138
-0.717738
-0.755891
0.103331
-2.38661
-0.628936
-0.343049
-0.243936
-1.23473
-1.41635
-0.533091
0.598756
-0.255715
-2.9799
-0.558429
-1.37985
0.190138
1.92011
-0.957516
-1.79192
1.02926
1.08069
-1.08565
0.545109
-0.715089
-0.923948
0.28346
0.20564
-0.0599042
0.252124
-1.01741
1.41169
-2.01055
-3.25921
1.35644
3.36215
-4.09458
0.424046
4.86581
0.934841
-0.536027
-0.032474
3.64534
0.361225
-0.159994
0.645259
1.0555
1.10248
0.472647
0.258924
-0.424137
-1.43273
0.0340614
2.23399
0.425957
0.500771
-1.33927
-2.67308
-0.515497
2.45197
-0.00282929
-0.57923
-0.672498
0.206055
0.565473
0.991986
1.55263
-2.67253
1.54689
-0.969162
-0.715803
0.479221
-0.128029
0.054155
0.611879
-0.242626
1.58823
-0.965043
2.15074
0.211637
1.48181
2.84756
0.326612
-0.51773
-0.432706
1.92354
-0.666275
0.988668
-0.256597
0.63706
-0.0491216
1.17441
0.431201
0.529145
-1.36064
-3.34768
-0.631311
0.870553
-0.0716934
0.506178
0.135133
-0.638405
0.0382729
0.290804
-2.09182
0.587396
1.53825
1.46021
1.57446
-0.627082
-0.667421
0.493422
1.03838
0.0767076
-0.264719
-0.411306
-0.826267
-0.28363
0.931469
-0.392695
0.522101
-2.5802
-0.389681
-0.192054
1.69435
2.50235
-2.41033
2.54806
-1.94497
0.37445
-1.92849
-0.550008
1.95768
-1.31767
-0.403307
-0.0149823
0.750547
0.274212
-1.29425
-0.0207227
-0.309256
0.225
-0.210573
-0.625947
0.553661
-1.27888
-0.335835
0.95336
1.27123
-0.634613
0.826718
0.307081
0.450509
0.595293
0.428849
0.00144229
-0.327333
2.77845
-0.504937
2.20219
0.225292
0.850495
1.40203
0.219233
1.60291
-0.0276505
1.60888
0.0670965
-1.9155
-0.410628
2.69946
0.601142
-2.11029
-0.484664
-2.12075
2.06628
3.35331
1.30225
-0.0737693
-0.495767
-0.70894
-0.0758896
2.82959
-0.631653
2.82253
0.297664
1.83954
0.465949
3.0154
0.6166
0.765329
-1.96574
-0.693146
2.42201
1.79591
0.137978
1.32711
0.88888
0.305357
0.573833
-1.86848
0.76544
0.976855
3.8643
0.24073
0.382188
1.66249
1.24942
2.17734
3.09105
1.94518
-3.09492
-0.864348
-0.430205
-1.76064
-0.765747
-0.294407
2.00372
-1.57833
-0.717974
-0.447858
0.935343
-0.446637
0.222627
0.280931
0.520964
2.62609
-0.106318
-0.328692
4.91104
0.599665
2.7005
-0.635842
-1.21601
1.03508
1.6319
-0.745295
-1.25054
-1.20054
0.00820271
1.24988
0.610684
0.373486
-1.55808
1.04926
0.182864
1.2635
-0.437196
-1.11651
0.946617
-2.38705
0.378459
-0.407949
0.672854
-0.235004
-0.131853
1.79879
-0.941789
-0.27067
-0.546756
0.193273
0.0694882
-0.0840708
-2.3559
0.578911
-0.572725
-1.22588
-0.269722
0.950925
-0.175054
-1.44635
-0.0669764
0.126015
-0.637309
-0.0237998
-1.16261
-0.986159
1.40742
-2.07959
-0.14275
-1.76234
0.158529
-2.84741
1.7486
0.169562
0.00953948
-0.160247
2.40283
1.08844
2.34843
-0.695836
-1.31497
-1.52132
-0.240673
-0.537022
-0.0482204
2.08813
0.24237
-2.83995
-1.14232
0.210841
-0.504956
0.0309349
-1.31137
-0.275291
-2.02016
-0.279599
-0.398722
-0.0027922
-1.10582
-0.968491
-0.453327
0.653055
2.47033
-1.76701
0.82342
1.00666
0.0121407
1.37676
-1.49572
-0.147963
0.475821
0.123269
-0.0682818
0.270146
0.249101
-0.345127
-0.949803
-0.541213
-1.44237
-0.225153
-0.592995
-1.72471
-0.692339
-0.780377
-1.1572
-0.521071
-2.42637
0.132899
1.9717
0.0902751
1.41876
-0.634867
0.0819697
1.06743
0.0626525
-0.14737
0.662024
1.15284
-0.487778
-5.39154
0.664254
0.215589
6.3857
0.992511
-0.706524
0.215658
-0.950743
-0.791637
-0.444152
0.300914
1.93484
-0.0300348
2.40446
-1.18653
0.151618
1.76111
1.06927
-0.199722
-1.52863
-0.496497
2.47945
0.649552
0.27731
0.169241
2.06684
1.13685
0.121913
-1.03137
-0.583036
-0.645368
0.436714
1.56108
-1.17283
-0.168417
0.34865
0.786243
1.06587
-0.371872
-0.0635315
0.850667
0.868461
-0.523794
-0.0906326
1.36414
0.793406
0.0441726
-0.312409
-0.323215
0.624626
0.801382
-0.600759
0.858939
-0.293341
0.349356
-0.000539895
-0.155128
0.804875
-0.3637
0.0159981
0.815322
-2.04909
0.436327
0.0927715
-1.35945
0.844622
-0.360859
-0.101951
-0.10673
0.460288
1.86702
0.236657
-0.62285
0.440172
-0.288485
-0.222714
-0.341745
0.94707
-2.40472
-1.09838
0.385033
-0.248345
-0.490095
0.503323
0.148967
-0.0523757
1.61153
-0.133151
-0.371539
1.42744
-0.604165
-0.008586
-1.84428
0.799911
-0.780125
-0.329756
0.551408
0.880982
-0.314508
4.37508
-1.4665
0.568483
0.183927
0.40619
1.45781
-0.117796
1.50884
-0.961531
-1.00279
0.00747383
-0.177437
-2.48571
-0.186874
0.443814
1.03286
-0.0966541
0.026986
0.38047
0.127405
-0.0620227
0.449259
0.293693
-0.00271198
0.039371
0.0689274
1.56266
0.443325
0.457476
0.337989
0.12707
-2.77384
-0.295593
2.30092
0.000839124
0.372382
0.00252454
2.6884
-0.750615
-0.385024
-1.12051
-1.81985
-0.384487
0.250183
-0.622088
0.274785
-1.91056
-0.448455
-0.740991
0.692732
0.332724
0.538851
0.81253
-0.0926366
1.05408
-5.77926
1.00444
-1.71418
-0.533761
-0.570576
-0.611242
0.890851
-0.174854
0.416642
0.309822
-0.732583
0.920813
-0.0775241
0.67458
1.20047
-0.406873
-1.82924
-0.351624
-1.73423
-0.551331
0.582453
-0.240252
-1.27314
2.12056
-5.79178
2.07674
-0.396551
-2.1902
-1.10688
4.81248
-0.729508
-1.68808
-1.76287
0.788235
1.09895
0.571987
-0.921246
0.149584
-0.436976
-0.25663
0.243603
1.71721
-0.166825
1.93533
1.16883
-0.0412061
1.48396
-2.53071
0.113685
0.0235539
0.114907
0.657993
0.063628
1.11438
-1.44817
-0.479982
0.769902
1.54629
0.890293
1.15135
-0.650638
-0.00955517
-3.71683
1.10619
1.67076
-1.505
-0.453769
-0.614801
0.298622
-1.15071
-0.102701
-3.70466
0.552355
0.255833
2.04997
-0.945495
0.0186391
-0.0346051
0.717835
2.53816
1.89414
-0.501492
-0.251161
0.00595255
0.102267
-2.27687
-0.23792
-0.747873
0.0607496
-0.142948
-0.654786
-0.400449
-0.256846
0.605381
-0.205718
-4.00132
2.64477
-1.78952
1.28042
0.624869
-1.39648
-0.504996
0.834176
-4.85898
0.836892
-0.862399
-0.0507098
-1.98955
-0.8302
1.64027
-2.31374
-0.901242
0.944378
0.24968
1.78245
-2.26081
-0.496945
-0.530623
-0.856637
1.05937
-0.128525
0.409195
-1.78366
-0.807489
1.11632
1.58898
0.803893
-0.156477
0.110175
-0.420548
-0.175903
-3.2419
-2.11202
-0.465607
-0.0313714
-0.321401
2.17607
1.99197
0.413037
-1.3183
0.460251
-1.25027
0.836469
-1.03644
-0.0333424
1.74163
0.726223
-0.224685
4.38215
0.500993
2.33028
-1.25345
0.852341
-0.00980948
1.33492
-0.0641648
-2.39369
1.3843
-1.2126
1.55402
0.114005
1.05145
0.0520609
-0.539514
-0.29046
-0.538268
1.36907
-0.804447
0.454216
1.67513
0.926547
-0.680953
-0.274307
-2.75552
0.199811
0.948998
0.0478903
-0.343008
-0.530105
3.25646
-2.58057
0.393732
0.319682
1.27122
2.69488
0.214815
0.147426
-0.340934
1.29165
-2.5686
-0.15784
-1.59016
0.10173
-0.422975
-2.48468
-1.45097
0.550995
-0.134499
0.0161246
0.127701
0.197563
0.82015
-1.66698
-0.324412
-0.669063
-0.928209
-2.07082
-1.95212
0.370109
1.76044
2.88221
1.12704
0.540341
1.66082
1.6736
0.444186
0.367591
-0.103357
0.0186315
-1.6092
-3.56176
2.78551
-0.556601
-1.23874
1.10022
0.794747
1.07845
0.451639
0.248023
1.03552
-3.14414
0.610057
0.0673188
-1.9001
0.734549
-0.863202
-3.13826
-0.843661
-0.393176
-0.160528
1.71373
0.134518
-1.92112
0.802006
-0.391375
1.23877
0.317187
3.17244
0.268889
2.21608
1.03915
0.205262
2.01921
-1.0217
-0.20015
-0.991109
-0.341668
-1.40355
-1.57398
0.486464
0.3649
-0.0787403
1.2918
-1.02167
-0.538641
-3.21578
-0.761782
2.39846
1.10616
-1.07619
-1.38839
-1.20208
-0.419095
0.231083
0.797241
1.44783
-0.19456
1.43399
0.497531
-0.999809
0.340189
0.295554
-1.68067
0.0294338
2.20824
0.263212
0.0759399
0.16314
0.474804
-0.362818
1.06196
-0.968463
-0.651484
0.145982
-0.564993
2.50655
-1.76801
-0.0465378
-0.0580797
0.186933
-0.242073
0.656852
3.45557
-1.57315
2.34122
1.43887
-1.09267
-0.0981667
-0.894282
-0.601082
0.856681
0.760548
-0.062681
-0.65403
-0.0950674
0.140386
0.185887
-0.961455
-1.5023
1.3205
-0.997363
0.207573
-0.428513
-0.317701
-0.272776
0.120619
0.265106
-0.0388884
-0.0468837
-0.164319
-0.183728
0.43919
0.909122
0.376012
-0.579493
0.989398
0.764947
-0.220964
-0.0814354
0.43509
-0.700257
-1.95444
0.422588
-0.130678
0.775911
-0.764669
0.873254
0.455396
0.0963569
-0.400235
-0.134364
-0.849092
2.38651
-0.131103
-0.355009
-0.671853
3.67439
2.96435
2.77511
0.0157069
1.44522
-1.00611
-1.46199
-0.0992264
-0.751445
0.264203
0.976062
-1.79601
0.405707
0.0830012
-0.377016
-0.00985406
-1.79706
2.57249
0.173737
-0.537554
-0.0435778
1.45269
0.37681
0.109515
-0.113201
-0.463943
1.33478
2.09111
0.293786
0.964413
-2.41105
1.47485
1.20891
0.507924
-1.86573
0.188855
-0.406667
0.434241
-0.0186283
0.792864
-0.591205
-0.687599
-0.243316
-1.11727
-0.448223
0.817019
0.288332
-0.920498
-0.704515
-0.831235
-1.70869
-0.332656
0.058756
-2.09539
2.90886
-0.319984
-2.14696
1.98097
0.459676
0.286077
0.249955
-0.377773
0.554476
-0.49534
0.18878
0.320319
-0.405288
1.92517
0.336659
-1.05581
-1.62563
3.2276
-0.105659
-2.01739
-0.62185
-0.205426
0.551126
0.345242
-3.67801
0.85341
0.518607
-0.739603
-0.0346871
-0.270496
-0.859761
2.62481
-1.78129
1.11353
-1.51298
0.267296
-0.971643
-0.542988
1.71028
-2.13279
-1.20195
0.322197
-0.268089
-0.88321
0.0786995
-0.944564
-0.954194
-1.19833
-2.16111
0.00246569
0.935891
-2.50996
1.4519
-0.26911
-1.59056
-0.403539
0.0916186
3.66886
2.45537
-0.0871868
0.691599
0.717045
1.17235
0.0890869
-0.502207
-1.1241
0.0414374
0.0092742
-2.24702
-0.28968
0.0336056
0.0414957
0.808007
-0.417404
-0.0606561
0.253318
-1.66608
1.41258
0.0308205
0.8479
3.43633
-0.809992
1.45695
-0.164563
-0.475114
0.925635
-0.32814
0.965691
-0.650765
0.224824
-0.701892
-0.588665
-2.88354
-0.360185
-0.394501
-0.289224
0.067888
0.138962
-0.00191153
-0.0845253
0.0200583
-5.22711
-0.399401
-3.36759
0.578514
-0.574492
0.20896
-1.39058
3.80798
1.02016
0.675637
2.35122
0.175371
-1.14653
2.1916
-0.0370188
0.304028
0.941945
2.39261
-0.0412417
-0.0579545
-0.319688
2.64362
1.12211
3.07297
0.698262
1.1212
0.580356
-1.30402
1.73096
-0.650233
1.71403
-0.171225
-0.633229
-0.0555013
-0.937719
0.560265
1.13109
-0.327388
-0.798461
0.0671297
-1.31143
-1.18973
1.65537
2.98528
-0.574641
0.525872
-2.58428
0.747995
-2.13799
0.434405
-4.33121
-2.56389
0.754245
1.08971
1.09635
-0.423416
0.654876
0.114022
-0.0457102
0.265133
0.0323586
0.601577
3.6571
-0.126787
4.97908
0.00333351
0.389306
-1.45893
0.202012
-0.878311
-1.19093
-0.653024
2.06
0.184374
-0.661988
0.653798
0.0431357
0.324045
3.44921
1.35213
0.877753
-0.13998
0.276758
-0.118648
-1.31793
0.436384
-0.548671
0.108907
0.0456916
-2.67956
1.57041
0.50328
-0.372682
-0.271065
-0.545982
2.2656
1.52239
1.76395
1.48167
0.570356
0.63118
0.815401
2.20192
0.289783
-0.0800302
-0.593346
-0.768462
0.681596
2.58104
0.0706664
-1.10343
-1.74834
0.0552972
-1.46849
-1.19734
-1.87512
-0.821964
0.030363
2.15167
2.1092
0.29898
0.770975
0.388278
0.919722
2.62708
0.428671
-0.659206
1.37175
0.533594
-0.125325
0.00965435
-0.816107
0.141828
-0.0198126
0.272673
1.11564
1.48107
-0.669614
-0.15345
-1.69989
-0.343408
-0.135866
-1.9999
0.759103
0.440426
-0.673498
1.28094
0.634654
-0.32714
6.75696
-0.62484
0.609231
0.196067
0.141742
-2.91736
0.131937
0.891516
-0.371269
0.640907
0.525835
-0.757298
1.30555
-0.0862484
-0.099369
-1.74969
0.419036
-0.569528
2.00265
-0.217198
1.28147
-1.23775
0.156716
-0.37076
-0.913081
-0.4615
-3.48923
0.135892
-0.63025
0.878718
-2.47285
-0.148473
-0.308056
0.199019
-0.543034
0.177381
0.567832
-0.710639
-0.813775
-0.791545
-4.48813
-0.795361
2.41226
0.452005
0.306281
2.36993
-0.0505465
1.56508
0.134064
-0.921835
1.54685
-1.56717
-0.208382
0.00659565
-0.283032
0.248884
1.49735
0.685482
-0.131978
0.108062
-1.06573
0.524012
-1.12634
0.320621
-0.549806
1.44904
-0.326879
-1.23069
1.42329
0.0890014
-0.135647
0.85938
-1.71042
-0.499619
-0.282841
1.14467
-0.105831
0.138011
-0.284237
1.92411
-2.97812
-0.641003
2.58494
-0.00883991
0.197875
-0.500557
2.46454
0.790814
1.55025
0.0940491
-1.91588
1.14545
2.01483
0.185558
0.152754
-0.575858
1.19529
4.03826
-1.85717
-0.587885
0.126478
0.0464591
-3.28511
0.0610162
0.33131
-0.68638
-0.616441
0.570999
-0.508483
0.362277
0.223745
-1.83959
2.78272
-1.79736
0.113556
-0.340705
1.90396
0.0236191
-2.48111
0.560714
0.27438
-0.557729
0.0570039
-4.5367
0.0701951
0.0139766
0.361421
-0.129454
0.506958
0.430058
0.813216
-3.00501
0.452371
0.00190625
1.82962
-2.07391
1.13858
0.894822
-0.192219
1.08342
0.883456
-0.334037
0.260791
0.666991
1.54219
-0.161137
-0.164732
0.679829
1.68591
0.044384
1.16416
3.53524
-0.342401
-0.487446
-1.59637
0.172656
-3.13425
0.489544
-1.32018
-0.119072
0.310054
0.396849
-0.358007
-0.503891
-0.517851
0.561761
-2.78462
-0.615429
0.784115
-1.39593
-0.232799
-1.87056
-0.080921
-0.533156
-0.191305
-0.466267
-0.0043555
-0.210814
2.18951
-1.26573
-0.644169
0.471183
-0.567318
0.0541299
1.00988
-0.26024
-1.40669
1.24146
-2.63435
-0.664975
-0.537943
4.53749
-0.0906834
2.92032
0.0852086
0.271153
-0.919234
-0.906947
-0.926357
-0.478109
-0.100878
-1.06066
-0.203354
-0.689466
-0.178269
1.19088
-1.90712
1.75862
1.00722
-1.42776
-0.119139
-0.514657
0.115059
0.761035
0.879114
-0.506467
-0.331024
3.34356
-0.339183
1.4849
-0.102789
-0.0705748
-0.579702
0.250507
0.185547
-0.423191
-0.521475
0.917429
-0.403269
-1.23816
1.03077
-1.379
0.145761
0.0710227
-0.711651
1.72476
0.233554
1.33505
-4.9656
0.679188
-0.961704
-0.222084
-0.214266
0.218042
-2.42887
-0.186917
0.217963
1.16415
-0.132177
0.441772
-0.0212449
-0.916108
0.0153472
-0.300608
-0.378872
-0.706288
-0.901498
0.0813674
-0.561275
0.353274
-0.379731
0.0861991
-3.05958
-0.341891
2.91972
0.77653
0.302858
-2.54301
-0.192948
1.48451
-1.88704
-0.216492
-3.54231
-0.48178
-0.1557
1.39848
2.49781
0.201401
3.0312
-0.474738
2.14894
-2.66146
-0.0734047
1.31014
1.11629
0.00154262
-0.383222
0.832494
-0.171778
0.0393875
-3.94507
0.549643
0.714046
0.120105
-5.12384
0.460895
0.936644
-0.519519
-1.6562
-0.189308
-1.99552
-0.171876
-0.168867
3.56897
-0.677301
-0.304058
0.679775
-0.895157
0.106696
-1.21487
-0.717448
-1.02147
-1.05294
-1.12476
0.861667
-0.254343
-2.3394
1.09597
-0.333456
-0.0905412
-0.277462
0.442824
0.195931
0.940897
-0.0205832
3.11743
0.883135
-0.0924982
-1.79109
-0.0194004
1.5151
-1.25888
1.07259
0.101141
1.53575
-1.82302
0.483964
-0.98118
-0.403252
-1.02434
0.331275
0.957937
0.627021
0.158139
0.233006
-0.833947
0.621283
-1.61802
0.381709
1.86214
-0.250286
0.795742
1.43461
3.18654
0.667652
-0.666517
-0.363983
-2.58547
-0.628017
-0.256296
-0.113973
4.14616
-2.33232
-0.380292
0.619604
1.87057
-1.84256
0.904341
-0.82406
-0.179799
-0.00647029
-3.56656
0.261645
1.60357
-2.34486
-1.398
1.76664
-0.998024
2.36216
-0.290998
0.401662
1.14701
0.069296
-0.252226
-0.816652
0.368342
-2.5442
-0.241744
0.712578
1.04848
1.32644
-1.48662
1.6467
-1.81569
0.468227
-0.0871028
0.399641
-0.500294
0.645226
0.395489
0.00937982
2.13077
0.609631
-2.07413
1.20289
-0.014031
-2.0063
0.458294
2.05155
-1.88474
-0.463524
-0.437519
-1.95751
-0.261516
-0.375443
-0.530074
-1.33884
-0.367367
0.0728751
0.801405
-2.00117
-0.0385219
0.646879
2.91514
0.602125
0.901672
0.171686
0.183474
-0.0200683
-0.602969
0.0229094
1.17412
1.33011
-3.40005
0.142276
0.774492
-0.415363
0.138209
-0.164141
-1.2935
-0.14132
0.048697
0.503561
-0.14666
0.0802492
-1.76416
0.339293
-2.75378
0.160332
0.358115
-3.97237
-0.0728358
-1.12476
-1.44203
-0.53454
-0.250396
0.426222
1.14505
0.495789
-0.768276
0.72469
1.602
2.37158
0.875351
1.35391
2.2548
-2.99595
0.658873
0.0286005
1.12615
1.55218
-2.88472
3.96981
0.521872
-3.51604
1.08515
0.0813285
-0.562106
-0.520958
-3.15584
5.23193
-2.09995
0.453587
-3.69833
-0.0329467
-1.09948
4.81573
-0.731079
-0.0784822
-2.21622
-4.8127
-0.378315
0.103122
0.176692
-0.938498
-0.553863
1.077
0.0101735
1.54054
1.54288
-0.111838
3.25037
-1.12023
-0.421834
-0.350326
0.653888
0.273708
-0.967754
-0.871434
-3.01921
-0.786355
-0.431617
1.49688
1.1987
2.13247
-1.90858
2.02107
5.34388
-0.762762
-1.69077
2.42408
1.03753
0.129217
-0.699825
2.14357
3.41624
-0.11936
0.374876
0.322031
-0.973656
-0.528141
0.310335
-0.721255
1.28564
0.221201
-0.100345
0.826478
-0.0979142
-1.00255
0.289527
0.958027
-0.233424
-0.169624
-0.869986
-1.71391
2.05331
-0.0644234
-0.371755
-0.313941
0.221804
0.13048
-0.400402
0.0420707
0.702186
4.28262
0.283625
0.0637097
-1.61378
-1.26519
-0.346447
-8.84628
1.06376
3.1827
-0.174202
-2.12336
0.985723
-0.413085
-0.395919
-0.489095
-0.605944
0.37085
2.11014
0.803773
0.0632054
0.044022
0.0947147
0.824474
-0.955862
3.13507
-0.0801912
-0.35977
-0.161752
1.1216
0.181307
1.00333
-1.07374
0.497664
-0.495719
-0.812521
-2.02433
-1.33708
0.958332
-0.563777
-0.0201135
-2.09721
-0.118904
0.155245
2.39004
0.322307
-2.34029
1.88621
-0.369192
0.737638
0.20168
1.53813
-0.093251
-0.817035
0.0402679
-0.545374
-4.03429
-2.61792
0.815126
1.53283
-1.31852
0.0606803
-0.529606
-0.0616744
1.47662
0.36868
0.878319
0.327559
-1.17977
-0.160136
-0.711988
0.358589
1.10086
-1.65781
0.838421
-0.24036
-0.105296
-3.52085
-0.127438
0.352856
-0.482939
0.785624
3.05128
4.56062
-0.542082
-1.41241
0.459575
0.422949
1.34958
1.72659
0.262817
-1.39793
0.67436
1.56533
2.05748
1.84592
-0.260837
0.108408
0.0500487
2.16289
-0.763936
-0.521907
1.24053
2.19078
-0.198118
-0.235777
-1.08128
-0.147394
-0.71076
-1.16241
-1.35659
0.203587
-0.224224
2.92869
0.00957142
1.03578
1.8529
-0.11166
-1.66946
-0.106789
-2.04359
-1.21257
0.0498287
-0.356505
1.68759
2.91583
2.57937
1.64895
0.565836
-2.71612
0.110586
3.29813
-0.967013
-0.040838
-1.35575
2.05715
1.37954
0.936424
0.557127
-0.80676
-1.35522
-3.25147
1.54888
-2.60247
-0.0937348
0.395273
-1.40391
-4.57496
0.264775
0.0752292
0.826772
-0.623163
0.622376
-1.56499
-3.98636
-2.52199
3.38863
-0.575666
1.12488
0.528208
-0.00616658
-0.0992753
-1.27939
-0.626754
-1.89379
-0.205505
-0.171575
2.49703
-5.40257
-3.1043
1.67093
-1.0597
0.366638
-0.343396
-3.24841
-0.0829317
0.126509
-2.08105
0.0825418
0.457618
0.0657151
0.0734227
2.42734
0.0472165
-1.64267
-1.42288
-0.285524
-0.0320769
-0.501411
0.306992
-2.14926
-0.561191
-1.99566
0.0578542
-1.53512
0.3817
-1.34809
-1.76189
0.230674
1.25539
-0.505415
0.195246
0.942807
7.19036
-0.0859005
-0.356574
-1.91816
-0.00545854
-1.55636
1.195
-2.71714
0.415925
-0.728845
-1.00367
-1.45709
-0.222729
0.805986
-3.39211
1.97967
-1.67022
4.00081
3.10001
0.0763892
0.857213
0.0165748
0.690756
-1.60883
0.247996
-0.101674
0.560527
-0.236519
0.318166
0.622547
1.7682
-1.22346
0.0961816
-0.349905
0.48488
1.42275
-0.379395
0.289476
0.35141
-2.70271
-2.54517
-0.443999
0.599656
1.6325
-0.462569
1.58672
-0.180965
-0.726721
1.05869
-1.01804
-0.36616
1.36884
-2.50649
-0.0805496
1.93801
-1.30902
0.0211734
2.51164
0.630856
0.442441
-2.00221
-0.904063
-0.110438
-1.78608
-0.0524097
0.321624
-0.052104
3.53497
-2.31819
-0.323421
0.945742
-2.57746
0.0207012
3.12095
2.0756
-3.14953
0.346864
-2.51453
-0.798851
1.30534
-0.314581
2.01901
-0.308154
-0.215684
1.37767
1.00777
0.276998
-0.479368
-0.942406
0.757753
1.37036
-0.803022
2.30031
-0.267651
0.238267
-1.23637
-0.19908
1.03122
0.603843
0.906028
0.846972
3.02982
-0.333036
1.13122
0.797215
0.463066
-0.606491
0.339338
0.104935
-0.844983
2.02253
-0.511229
-0.0307711
0.447889
-1.30781
-2.81093
1.21678
-0.543714
0.0740572
0.124019
0.872932
0.205949
-0.253306
-0.47071
0.453514
-0.219232
-0.488479
0.259704
-1.13656
-2.02684
-2.94012
0.00221736
-4.15324
3.66452
0.457211
0.614574
-0.0581937
-0.733448
-0.178382
-0.655595
1.81152
0.613955
-1.41522
0.353651
0.198944
-0.795698
-1.20255
1.44093
-0.617731
-1.80875
-4.6117
-1.34912
-0.830857
1.4445
2.00704
-1.24439
-1.33788
-3.11145
-2.34862
-2.50129
-0.509186
-1.21908
2.30986
-0.317174
-0.0475012
2.01832
1.37272
-0.140036
1.47773
1.0849
-0.0420274
5.07726
0.809843
0.038326
-5.2374
0.850188
-0.36158
-0.0422439
0.575327
1.06916
-0.837422
-2.2776
-2.51408
-0.244743
-0.385849
0.187757
-0.439604
-0.926884
-1.00279
-0.814696
-0.0927131
-0.329367
-0.0866586
-0.0586287
1.07881
-0.682168
-0.723054
0.833702
0.0930282
0.905268
0.0184593
-0.2997
-0.413748
1.22195
0.271275
0.202368
-1.6038
0.134157
-4.49609
0.0682453
-0.502627
1.98295
-0.0466394
-1.86326
0.364865
-0.577736
-0.0267618
-0.288425
0.17231
-2.38221
-0.449509
-1.35614
1.84294
-0.479739
0.950226
0.214223
0.92054
-1.60308
0.703372
3.04665
-0.0230757
-0.120756
0.950008
0.539297
-1.53505
-1.80185
-2.0187
0.816025
-0.0483758
-0.0719849
0.584956
-0.686598
-3.15634
-0.653805
0.372295
-0.624498
1.28413
0.89527
0.627192
-0.87259
-1.43465
-1.48352
0.183979
0.83773
0.499754
-0.397003
-0.116848
-1.80287
-1.81229
0.195551
1.65203
1.46796
0.0865682
-0.614013
-0.0907834
-0.489637
0.035876
0.903591
-5.37904
0.51667
-3.64562
0.247777
1.07555
1.21159
0.266084
-2.10393
1.96843
4.51536
0.273033
0.399854
0.0681572
1.12539
2.00213
0.308795
3.60562
0.716392
0.543211
0.103075
-0.18555
-2.18633
0.272762
0.169698
1.08706
0.533447
-0.230595
0.483302
-0.0528024
-0.521682
-0.869522
0.360285
-0.0771622
-1.39651
0.433025
-0.252239
-0.260829
0.255305
0.150042
-0.319245
0.922837
0.00181852
-0.861039
-0.0194552
-1.69994
-0.98462
0.238888
-0.276269
0.737539
0.678036
-1.96928
-2.02184
-0.23412
2.52883
0.199373
0.0846751
1.15621
-0.504963
-0.113176
-0.842674
-3.7282
0.519724
-2.00203
2.40002
-0.317658
-0.345492
0.553818
-2.13053
-0.168359
-0.0813652
-0.174066
1.56137
1.23117
0.25308
0.116182
0.0126196
0.598906
0.0505274
0.334975
0.201831
0.529483
-2.28123
-1.12064
-2.45839
0.479346
0.544799
-0.211256
-0.184828
-0.7254
0.0659304
0.565053
-2.09009
2.291
1.87605
-0.053523
-1.0027
-0.227757
-1.15032
1.27537
-1.2061
-2.8654
0.0484549
-0.302434
-4.19406
0.328429
1.01016
2.80859
-0.197448
0.155347
0.554308
-0.525951
0.331898
-1.36466
-3.26469
2.52269
0.203869
1.68624
0.701843
1.05065
-0.0528295
0.885903
-0.865033
3.08429
0.0831195
-0.0327481
-0.58138
-0.94497
-2.16258
-0.480082
-0.185591
-0.931582
-0.816838
1.44273
3.60485
-0.050874
0.457965
-2.83355
1.17664
0.469107
-0.377782
0.0650758
-0.474015
-0.296543
-0.492345
1.16005
-0.085777
0.642121
-0.0940864
3.4328
-2.32768
-2.39868
-1.01008
-0.452479
-0.0918608
-0.722566
-1.418
0.630426
-0.396217
0.576195
-3.79901
-0.135637
-0.596846
0.0455998
-0.217067
0.385723
0.203589
0.270231
1.49663
-1.11379
-0.282102
0.260235
0.973026
-0.225695
-2.17289
-0.619476
-0.854135
-0.807234
1.02087
0.490369
4.02812
-0.91859
0.125019
0.0128034
-0.495034
-0.0738901
2.69333
-0.329272
-0.406255
0.162405
-0.25205
-0.829832
-1.12304
0.875321
-0.250884
0.695287
-0.174487
-0.514111
0.12695
0.692009
-0.922828
-1.37574
0.338341
-1.01525
2.46976
-0.305543
-0.679131
1.12929
-1.72638
0.32385
-1.36671
1.46512
2.0755
0.0396579
0.700615
-0.284336
5.1837
-1.05302
0.405849
0.608912
-0.225995
-0.881328
-0.172784
-0.626663
-0.606642
-0.00895792
-3.66917
-1.95193
-0.00225729
0.547002
-2.49223
0.538023
0.588113
1.90086
0.298948
-0.746058
0.565197
-2.44697
0.233114
0.954009
-0.00566392
-0.110591
2.54257
0.655194
-0.809118
-0.0956944
-1.14407
-0.0321668
0.521351
-1.73784
-0.121493
-0.838134
-1.22306
0.379012
0.309089
-3.24426
0.735327
-0.713697
0.129988
-0.346719
0.0528129
0.328083
0.0771331
-0.551496
1.34416
0.401966
1.16779
0.993142
-0.0900763
0.0420677
1.98324
0.253814
-0.0974428
0.490078
-0.926411
-1.76098
0.394515
-0.743885
-0.0819781
0.353722
0.060329
-0.397294
-1.72383
-1.84893
0.571085
-0.372644
1.62532
-0.12292
0.683456
2.81636
0.761686
-0.50098
-0.702761
0.662673
0.268522
-0.344067
-0.0883036
1.01023
0.729003
0.577685
0.633466
1.12674
1.06538
2.07371
3.2672
0.183648
-0.458864
1.61698
-0.333964
0.635539
0.497166
0.643838
0.546635
-0.572621
-0.427225
0.462859
-0.972267
1.45414
0.739033
-0.0865259
-0.118627
-1.7562
-0.16185
1.04058
-0.504357
0.0538942
-2.73111
0.661325
1.47562
3.57632
-2.19646
0.170398
0.587417
0.136652
-0.854118
0.320988
0.979776
0.22388
-0.700867
-1.43564
-2.39618
0.80408
1.77966
-0.163507
1.53993
-1.35905
-2.43268
-0.568494
-0.470864
0.544363
-0.0335808
0.721995
1.13653
2.04818
-0.0832345
-0.338051
0.265922
1.83597
2.54022
0.494038
-1.85419
1.16973
-1.18516
0.150128
0.766823
0.180619
-0.256464
-2.02469
-0.125056
1.18652
-0.256295
-1.36341
0.407583
-0.587378
-0.437374
-0.70429
0.181074
0.716288
0.304155
-0.611614
0.591422
-1.41545
0.78638
-4.1888
3.69538
0.515029
3.14044
-0.0700847
-0.397577
-3.04758
-3.67929
-0.687584
-0.977661
-0.866147
-0.0540897
1.0604
-0.128981
-3.60829
0.078306
0.482357
-0.480352
-1.08951
1.5355
0.44904
-1.88819
-0.186083
-0.516994
1.69625
-0.365859
1.21396
-0.193326
-0.716812
0.171994
-0.667891
-1.34262
-0.239913
0.0761991
1.44407
2.28308
0.140687
1.78524
-2.82202
-1.33661
5.02395
-0.286306
-1.43226
-1.02975
-1.73118
1.45619
-0.185915
0.515578
0.168013
-0.466777
-0.148212
-0.792462
0.0161291
0.14733
-0.669677
-2.79514
-0.533118
0.78579
0.486769
-0.782107
-1.07868
2.97227
0.271113
0.0199311
-1.49424
-1.52824
0.810082
0.852627
-1.78449
-0.347353
0.944928
-3.04086
-1.17164
0.846587
-0.594048
-0.516743
-0.052815
1.01805
-0.905156
-1.59462
-0.560329
-0.370448
-0.662723
0.937755
0.098658
0.947688
-0.490526
0.606286
1.57296
-0.0747274
1.65291
-0.749282
1.45655
-0.765179
-1.87038
0.714883
-0.940508
-0.618522
0.16588
0.599009
-0.424533
-1.57627
-3.6076
0.592827
2.43547
0.102148
0.0322368
-0.492385
-0.272438
-1.25427
0.321689
-0.742461
-0.148281
-0.492125
2.36224
1.76032
0.0349387
-1.44774
-0.846576
0.216961
0.410614
0.0439976
2.31243
-1.09759
-0.71219
0.256202
-0.359852
-0.3524
-0.0801391
0.327369
-0.0493038
0.546143
2.13405
0.090201
-1.46323
-0.147734
0.326252
1.83194
-0.0605948
1.01279
-0.0386169
-1.13077
-0.424487
-0.256165
0.914716
0.432271
0.00563663
0.566868
-1.21092
-0.149318
0.696211
0.0748077
2.88369
0.313013
-0.422949
0.493061
0.20372
1.51149
-0.335032
-0.453836
1.14584
-3.37962
1.44275
-2.08164
-2.43492
0.552884
-0.324849
0.640369
-0.504475
0.244888
-4.13269
-0.148548
0.216453
0.40239
0.356879
-0.152224
0.121612
-2.26035
-0.213915
-0.165164
-0.179958
0.260959
2.7145
1.42184
-1.88289
-0.290669
-0.749043
0.328164
-0.863895
-0.263504
-0.994734
1.55929
-0.183988
0.359956
0.927749
0.144743
3.3738
0.288526
-0.44583
-0.49772
0.63062
1.49875
-0.775112
-0.525191
1.10124
0.27698
-1.5583
-0.560419
1.14166
0.468738
1.29925
1.85175
1.94424
0.281777
0.0241055
-0.773345
-0.640869
0.0553548
-0.259215
0.643771
-1.30393
0.571093
0.803707
0.615368
0.334165
-2.54525
1.52684
-0.791449
1.70471
-0.445855
-0.968365
1.918
-2.14198
0.308216
-0.379254
0.441361
-0.118824
-0.358542
1.9385
-1.7142
-2.59543
-0.1214
-2.13155
0.297776
-0.0668154
-0.960687
-2.09962
0.207743
-0.608649
-2.01725
-1.01798
1.49279
2.46482
-0.860343
1.97964
3.16043
-0.83365
-0.278401
-0.975985
0.580151
1.12604
-0.83463
-1.08647
0.389856
2.84593
-1.17174
0.714495
3.08032
0.0553693
-0.376658
-0.0582913
0.449817
0.490768
0.898544
0.444384
0.229024
-2.75683
-0.0274091
0.0773742
-1.14833
0.174426
-0.452479
-0.138928
-0.183579
-0.527645
-1.66392
0.807142
0.239466
-0.235143
-4.90892
0.315041
-1.43479
-0.374995
-0.0343354
1.01316
0.238119
-1.85717
0.0372303
1.02744
-1.87263
-1.09169
0.130054
-2.7357
0.727296
-0.599869
0.081468
-0.762895
0.11457
1.77461
1.08024
0.721479
-0.835912
0.26238
-0.00645959
-1.34073
1.73162
-0.00784989
1.46326
0.418197
0.314369
0.263823
-2.08848
5.927
0.494433
-0.16945
-1.37262
3.02161
0.467769
0.590643
0.219765
-0.071599
-1.71915
0.474217
1.46598
0.617811
-1.08802
3.08014
-0.502828
2.72533
-1.11991
0.147441
-0.0194127
0.324949
-0.900939
0.0408888
0.386517
-0.634237
0.306058
-0.412814
0.599667
-0.0317138
-0.385904
1.27118
3.49769
1.8976
0.0226311
-0.172768
-1.15077
0.0621523
-2.81854
0.0518821
-0.481793
1.06416
0.155963
1.39693
-0.546338
-0.359354
1.81405
-1.13441
1.83742
-0.596268
-0.265431
0.593908
1.96952
0.0463301
1.23107
0.952203
0.739655
-0.649531
-0.392763
-0.0837072
-0.956905
0.293166
1.99762
1.97427
0.910502
0.151235
1.16552
1.53008
-0.168325
-1.00793
1.26283
-0.0649169
0.593026
-0.83472
-0.181824
-1.6698
-0.21159
0.0395643
-0.421704
-1.07472
-1.00999
-1.08343
0.096873
0.0643525
2.42815
0.519744
-0.383316
-4.28517
-0.306315
1.0741
0.196648
1.03114
0.628977
-0.152866
-3.53859
2.22937
0.320732
-0.790534
1.17767
0.151478
-0.0495155
1.40342
0.785554
1.36764
-0.0688706
1.52551
-1.75216
-0.261036
-3.41898
-1.81105
0.179344
-0.0303118
-0.447803
0.0501403
1.19109
-4.00271
0.541067
0.815992
0.44477
-1.87775
-0.259043
-3.499
2.11248
-1.3674
0.673497
-1.63538
-0.400768
0.607281
3.11892
0.358745
-0.679586
0.177042
1.25431
-0.453044
0.77881
-0.26065
1.14278
0.212887
-0.480541
-1.2717
-0.181048
1.20472
0.760934
-0.800441
-3.149
-0.0570362
1.12762
-1.03249
2.13183
-1.61897
1.23795
0.0683556
-1.73521
2.18865
0.455841
-1.60822
-0.196864
-0.307472
0.479303
-0.552451
-1.13674
1.40859
0.924836
0.21473
-1.24393
-0.111676
0.258187
0.873256
-0.527179
-0.197988
-0.244548
1.14253
-0.263911
-0.523542
-0.447412
0.12071
1.54567
-0.383486
1.27305
2.32758
0.600152
0.155278
-0.29593
-0.286601
1.79532
3.61921
-1.0834
-0.00868724
0.672236
0.725461
-0.917581
0.341349
-0.607448
-3.12601
2.97329
-4.40361
-1.31451
1.47195
0.934516
-1.57961
0.224942
0.013068
0.297078
0.482344
-0.500207
0.0924844
-2.90009
0.808961
1.58948
0.2365
-0.392439
-0.309818
0.0237985
-0.0473454
1.48577
-0.201995
1.33561
-2.73969
-4.51557
0.213689
0.468394
-0.702542
2.03321
-2.17394
0.427106
0.758275
-0.168851
-0.0702123
0.421491
1.68139
-2.5905
1.04569
0.625205
-0.682199
0.0472194
-0.417858
-0.480905
0.714653
1.63428
-0.839243
3.46589
1.82709
-0.503476
0.286323
1.14821
0.0701514
0.55523
0.500243
2.02751
-0.254262
0.055606
-0.502342
0.449245
0.708728
0.260305
0.689082
0.202813
-0.548981
-0.659142
-0.189163
0.163124
0.00946637
0.38756
-1.35262
0.367017
-2.38057
-0.701283
0.961021
0.973083
1.2057
0.0439204
-1.21627
-0.110848
-1.23245
-1.40658
1.02544
1.10791
1.15507
-2.13642
-0.955291
0.987099
-0.339015
-1.98909
2.41384
1.40174
-1.42537
-1.09743
0.44449
-1.98049
-0.205445
0.199978
-3.91789
-0.229829
-2.54424
1.10067
-2.1844
0.4614
1.13972
3.13152
1.14099
-0.999577
-0.172973
-0.541872
-0.215221
1.59058
-2.0023
-0.066034
1.43948
-3.94948
2.56405
-1.29087
-0.143182
-1.79411
-0.141128
0.837502
0.184745
-0.434385
-0.766281
2.87954
-0.570528
-0.869702
-0.722226
-3.37425
1.08517
0.680565
-1.70819
-0.0535276
-0.279204
0.191297
0.431627
-2.99287
3.74555
-0.0717394
-0.506215
-0.686785
1.24568
-1.04091
0.118835
0.320812
-1.38157
0.240235
0.187293
-0.489184
0.0758387
1.41056
-0.53021
2.50987
0.712978
1.75121
3.92263
-1.42606
1.50693
-2.56531
0.240392
-0.473593
-1.36535
-3.19184
0.908165
0.207667
-0.783436
0.0127863
-0.632743
-1.20754
0.730075
-5.10071
-3.00588
0.445217
-3.0813
1.08327
-0.0667255
1.98011
0.567923
0.456532
-0.575432
0.859222
-0.479965
1.52758
3.26175
0.0346254
1.10011
0.303621
0.200475
2.86934
-3.13473
-0.4012
-0.446598
-1.25925
-0.389648
-0.511802
0.105999
-3.01692
-0.691607
-1.57672
-0.198836
0.8191
-0.0818834
-2.35962
0.269989
-0.891669
3.46702
0.264005
-0.897027
-3.03752
2.46381
0.326129
-0.69791
-2.96209
-1.17115
-0.00859783
0.415714
-1.84831
0.503744
1.12553
-0.698025
0.0773826
1.32829
0.0698755
1.65759
1.33335
-0.0305198
-1.62876
-0.614331
-0.89198
-1.09143
-0.0633761
3.58244
1.22386
-1.16019
-0.592648
0.574214
-0.0625868
-0.385144
0.56668
-0.589835
-0.185469
0.327024
-0.138823
-0.427912
1.80369
0.503166
0.0786289
0.174561
2.89364
-2.39285
2.34437
1.23947
-6.32593
-0.42061
-1.05741
2.65548
-1.97032
0.781169
-0.224777
-5.14655
1.7418
1.22663
-0.227706
-1.17869
-0.115913
-0.702046
-1.12327
0.703224
3.76866
2.91508
0.70265
0.00691143
-3.01415
0.559904
0.456513
0.973224
0.00669441
0.445873
0.210275
0.0651965
1.01248
0.392478
-1.45406
-0.85709
2.44475
-1.87938
1.54291
0.725047
-1.70287
1.00072
1.98818
0.974901
0.350261
0.687914
2.14424
0.278912
-0.0992823
1.27721
0.53935
-0.428774
-0.799239
0.437771
0.0705659
-0.153835
0.442505
-0.473825
-0.0867483
0.119049
0.46338
-0.0720405
0.0354828
2.32665
2.54656
-0.891555
0.36042
-2.52628
1.66671
0.0395978
-4.15307
-1.51629
1.47796
0.0101855
0.573581
-0.358153
-0.520142
2.08976
-0.333393
-5.8305
0.582257
0.255398
-0.227917
2.4731
0.289947
2.47133
-4.24823
0.519037
2.16766
-4.03063
-0.40521
-1.08434
0.250188
-0.068238
0.542663
-1.10813
-2.11121
-0.227969
-1.61279
0.0832766
2.49484
2.41254
-1.003
0.23951
-2.09294
0.485843
-1.60982
1.2191
0.0933579
-1.48572
-0.995605
-3.19974
0.488047
-0.595227
-0.133947
-0.433013
-1.68179
0.467427
-0.0140428
1.15869
0.157644
0.70664
1.79938
-0.00620036
0.947093
0.188791
0.157751
1.24114
1.23066
-2.98463
-0.80612
0.101971
-1.51125
-2.36404
0.0110818
0.7582
-0.777519
0.0460821
1.00371
0.279657
-0.181352
0.518315
0.476077
-0.116905
-0.858279
2.12666
0.860341
0.0917689
0.465019
0.408624
1.4429
-4.14879
-0.428667
-0.892505
0.597992
3.0816
-0.200446
0.350018
0.102743
-3.14905
1.61268
1.70003
0.591126
0.911064
0.610607
-3.71474
1.30345
0.527523
0.961655
-0.110085
1.67971
1.08313
0.108417
1.27051
1.74825
-0.721464
1.56589
5.81834
0.264305
-0.0929842
-2.07649
1.74225
-1.45212
-0.342731
-0.771499
-1.05618
1.32817
-2.67039
0.178943
-1.81419
-1.71578
3.44874
-0.475534
0.177873
-0.230255
0.549619
-0.859899
0.668226
-1.83689
-0.87185
0.217505
-0.90018
0.174036
3.68409
1.15598
-0.478726
1.5583
0.122236
-0.0405903
-0.462234
-1.83983
1.48361
0.450136
-0.886456
-0.226563
-0.562209
-0.580828
-0.0693672
-0.498472
-0.214787
2.57643
-1.21653
-0.128078
0.0716104
-0.404225
-1.75379
2.86418
1.69631
0.350753
-1.51702
-0.0514174
-1.02691
0.0744914
0.239335
-0.0663332
1.15513
1.63128
0.673351
1.57762
-0.238934
-0.367104
-1.2548
-0.468038
-0.746618
1.60815
-0.199356
-1.98072
0.457862
-0.796099
0.84825
0.697218
1.18455
-0.640223
-0.124291
0.471486
0.156079
0.323083
0.607528
0.49162
-1.76498
2.06384
-0.00875982
0.102707
3.13518
1.55257
-2.23595
2.21622
-1.49437
0.148949
-0.354931
-1.11262
0.187097
1.42176
-0.0575019
-1.6035
-1.27244
1.71786
0.849585
-1.01171
-0.223566
-0.165559
1.4703
0.0868363
-0.112214
-0.216612
-0.173892
-0.396086
1.11663
-1.27493
-1.52273
0.343767
-1.38659
-2.42562
-1.40042
1.104
2.36283
0.239595
-0.547478
-0.271044
-0.24706
0.179661
-0.025808
-1.32855
1.27195
-1.27958
0.462578
-1.14613
0.624833
-1.86185
-0.0956133
0.352676
0.251658
-1.90597
-1.9496
0.954818
6.619
0.187317
0.721595
-0.257621
-1.88921
-0.0663538
1.08664
2.59316
0.576112
0.448362
0.701014
0.122505
0.497813
-0.615249
-0.744269
0.157123
1.27862
-0.687856
-0.414129
0.376739
-0.595551
0.174613
-0.0283333
-0.0173627
-0.00185906
-0.734613
2.93199
0.320026
-2.14488
0.0753702
0.0394132
-1.0009
0.533163
-0.828369
1.11868
4.13329
2.05254
-2.14317
0.0985877
2.08567
-0.308679
-2.51813
-1.91014
0.626643
-0.21203
-0.437531
1.91021
0.245334
0.904368
0.0137183
-0.556416
-0.822911
1.2352
3.90039
0.230068
0.536479
-1.91373
0.959557
0.172596
-1.02682
0.512507
1.09257
-1.85982
-0.0121719
-3.09844
0.589377
0.322844
0.746735
-0.111888
1.13177
0.342091
0.575494
1.15809
-0.0900963
3.00916
0.296148
0.031168
-0.186748
0.491335
-0.526646
0.0435589
-1.03582
-3.16374
-0.567139
-0.494959
0.979936
0.330812
-1.25947
0.132374
0.199693
0.909415
0.341673
1.14819
0.161914
5.26579
0.332221
-1.08929
1.7214
0.42502
-0.0624931
0.452723
1.6678
0.832996
-0.0374067
0.0927248
1.76134
0.146277
0.0339957
-0.188693
-1.13688
1.25865
0.351155
1.33677
2.48876
0.319824
1.69227
2.09714
-0.724737
1.14655
0.0900447
1.40383
4.92169
3.19127
-1.71104
0.401496
-0.207943
-0.561417
-0.000518795
-0.162801
0.778393
-1.17748
3.18534
-1.47132
0.359227
0.150309
-1.01106
0.873316
-0.25511
-0.466203
0.626317
0.0248327
-0.51792
0.147938
0.284141
0.180703
0.0602041
-0.291955
2.82037
0.0469879
-0.168371
2.33058
2.09985
2.09853
0.79542
-0.400694
1.83988
2.25423
2.41244
-1.13728
-0.616135
0.0798595
1.98401
0.432196
-0.497634
-0.786974
-0.507678
-1.57471
1.05846
-1.99298
1.3795
1.46568
0.576884
1.11972
-0.00825692
-2.5563
-0.193643
0.938624
-0.509517
-0.806513
-4.88241
-1.60775
0.167361
-0.213934
-0.105617
2.6716
-0.190492
0.566776
0.871471
-1.6425
-0.547129
0.762629
0.0770387
0.776999
0.0510619
-0.475544
0.502649
-1.48393
-0.0378524
0.127682
0.0589582
-0.354364
-1.87486
2.49487
-0.622834
-1.42462
0.835411
0.580733
0.171984
1.04501
0.303193
0.160683
0.0172587
0.60843
-0.177958
0.885454
-0.957705
0.0687488
0.268079
1.23547
0.165877
1.91427
2.17256
1.30256
1.06393
-1.08552
-1.49053
-1.89212
-0.199727
0.189723
1.14113
0.672045
0.50077
2.99304
0.236676
-2.82269
-0.0143304
-0.496192
0.154282
-1.37728
1.23054
3.68073
-0.221157
0.5868
0.153102
-0.939236
1.29787
-0.82296
1.18443
-0.987374
-1.91241
-0.667094
-0.394328
0.7555
2.5252
-0.0339359
0.138357
1.04645
0.0791018
-1.38904
-2.37692
2.20088
-1.83546
-0.0916761
1.8011
-1.0457
0.301601
0.0124769
0.116113
1.77124
0.321248
-0.230645
0.190909
2.43057
0.684823
-0.315344
1.21293
0.673502
0.672572
0.0188123
-1.26652
-0.533464
0.733209
-0.692129
-0.237594
-0.437385
-1.32851
-0.28487
2.1896
0.995116
0.134853
1.37482
1.81485
1.93998
0.463525
-0.608239
1.06225
0.214273
-0.355927
0.816283
0.789899
0.159846
0.377179
0.39379
0.124638
1.35645
-0.47569
-1.23702
0.117398
0.385981
0.958391
-2.57088
-0.893861
-0.910441
0.769227
-0.34755
2.3087
-0.814997
-0.161733
-2.29785
-0.315348
-1.72302
-0.928501
0.0366178
-0.07832
1.66692
-2.87973
-1.70367
-0.185328
-0.635172
-2.07968
-0.653199
-0.140288
-0.0934287
-0.66584
0.178013
-0.934068
-0.0516739
-3.03715
-1.73895
-0.513012
-2.02965
-0.252978
0.116524
-0.666535
0.406829
0.0656039
-0.317853
0.351232
-1.39525
-0.399249
2.54917
1.05831
-1.6995
-0.286874
0.118049
7.01968
-1.82734
-0.0833622
0.306606
-2.12005
-1.32841
0.237848
-1.31078
-0.854631
-0.960628
1.68521
-0.580096
0.400259
-2.23667
0.294463
1.1091
0.223844
-0.0126003
-1.02664
3.45169
1.15191
0.731272
0.857146
1.69746
-0.623536
-0.433862
-1.13712
-0.0318492
0.0209745
1.05497
0.775617
-0.00956537
0.668174
0.955998
0.459879
2.09554
-1.99194
-1.10553
-0.945836
1.22782
0.46379
-0.429563
-0.202986
-0.754574
-0.850903
-0.113989
3.19922
0.553955
1.01435
0.501855
-0.570587
1.02266
0.477579
1.20354
0.179707
-0.53616
-0.157429
-0.674722
-0.678185
2.60279
-1.90352
1.75509
-2.84555
-1.25892
-0.832061
-0.174034
3.81594
0.668636
5.39516
-1.14564
0.0324177
-1.01159
2.24721
-0.0963836
-0.712284
-0.250732
0.53451
-0.310544
-0.262647
-2.44351
-0.0388055
-0.97807
-0.891289
1.15883
-0.289029
1.10886
0.744677
2.37176
1.12911
1.45942
1.34649
3.58591
0.863914
-0.252024
-0.0165824
-0.995655
-0.000796862
0.093197
-0.20286
0.240487
-0.079514
-1.20248
0.125567
-0.480602
0.504703
0.463207
-1.0907
-0.933052
0.035645
-0.448626
-0.699362
0.0676035
-0.841174
1.02348
0.183431
-0.974902
1.2774
-0.766496
-0.359147
-0.0227958
-1.48192
0.283007
0.475157
1.03783
-0.0573732
2.10102
-0.610682
0.820197
-0.757252
1.46167
-3.60815
-0.858589
-0.0668823
-0.404811
-3.26078
1.95843
1.30372
-0.7621
-0.0820766
0.457698
5.70056
-0.693507
5.18643
-2.08059
-0.175753
-0.25248
0.122634
3.31597
1.07547
0.551604
1.0057
0.84383
-0.124935
0.492493
0.581966
-0.371331
2.87364
1.11755
-0.607509
-0.194321
-0.0989558
-2.05055
-0.00730272
0.268656
-0.38881
-0.1661
0.498048
-1.53013
-0.135911
0.302655
0.712543
1.92072
-1.90406
-0.478872
-0.0125914
-5.89314
2.43222
-0.0381758
4.35782
-3.63723e-05
0.227817
-0.493947
-0.730607
-0.9997
0.737168
0.218707
-0.74251
0.282836
-0.415217
-2.37449
-2.06151
1.60968
0.152222
-0.129038
0.463437
-0.24613
0.623236
-0.456617
0.669212
3.84225
-0.613089
-4.41737
1.3126
-0.0438673
1.69156
1.45494
-0.924561
0.241537
-0.11406
0.659101
-0.134884
1.47201
0.665896
1.83267
0.847484
0.390271
0.734535
1.45697
-1.57209
0.476841
-3.33378
-0.625755
0.644448
-0.0561351
0.975032
1.30252
1.00539
-0.0219164
-0.0520893
-0.838742
0.373719
0.11898
1.2729
0.00312278
0.893294
-0.651491
-0.636992
0.124586
1.65591
-0.58907
1.15911
-0.199435
0.29208
0.133874
-0.102053
-0.483955
0.0542224
-0.0791693
-0.0845032
-0.137417
-0.435864
0.123812
0.230821
-0.756497
0.878813
-0.281133
0.1428
-1.29693
0.172405
2.01822
0.601261
0.978614
2.11712
1.31675
1.0143
-0.366949
1.99645
0.352296
-1.32997
0.105267
-1.23341
-0.982232
-0.899645
0.998316
-3.26438
-0.0710073
0.724392
0.819684
-0.0153676
0.457441
-1.24288
1.5108
-4.89504
-0.685494
1.75805
1.0602
-0.776205
-1.0723
-0.0906887
-0.651552
0.868534
0.493907
-1.96404
-0.0454537
-0.0932579
0.56496
0.810225
0.238706
-1.90298
7.14636
1.4334
0.378968
-2.6492
0.531773
-0.306881
3.08375
0.558015
0.952784
0.0999611
1.37916
0.734791
0.557418
-1.64342
-0.081726
-0.77395
-0.34968
1.23957
-0.862178
-0.0181512
-0.473604
-0.614366
-1.97414
0.538188
1.17317
-0.855121
-0.107969
2.57724
0.851826
-0.249253
-1.42979
0.0808051
-1.11824
-0.215604
-1.33794
2.9232
0.317849
0.328365
0.52357
-0.542594
0.129741
0.418023
-0.721048
1.03402
0.710633
0.339159
1.3235
3.1944
-0.0763054
-0.191784
0.222216
0.0246311
-4.98979
-0.0337306
-1.03703
-0.808058
1.61622
-0.82467
-0.303293
-4.30235
-3.00579
-2.4447
3.47248
0.221203
0.285126
-1.55818
0.24787
-0.0606124
1.32951
-0.0410018
-0.730876
0.356034
-1.39337
-1.04752
6.30043
-0.197299
-1.3947
0.741808
-0.244009
-0.56627
-2.64304
-1.03754
-1.99892
1.04955
-0.978565
1.06404
3.59154
-2.01862
-0.466946
0.77485
-0.139304
0.202504
-0.216604
3.33031
-0.910758
-1.15256
-0.533564
0.487578
2.12027
-1.61227
0.244169
2.83852
0.125649
0.428229
0.879743
-3.02757
-0.0345543
2.2258
-0.352985
0.524025
-0.159862
-2.66586
2.43764
2.95717
0.0277438
-1.29326
0.359458
-1.3452
-1.19903
2.92984
-1.50514
1.11962
2.5567
-0.0433671
-0.385334
-0.720362
-2.55763
3.23343
0.287942
0.530349
-1.34693
-0.640912
3.91054
0.40298
0.311341
1.85936
0.457443
0.289087
0.80286
0.57527
-0.138525
1.01879
-0.319944
0.264513
-0.863097
1.12029
-0.329594
0.0907155
0.0141391
-2.60794
0.150829
0.0878931
0.112514
1.07683
-0.363308
-0.0360364
-0.0222429
-0.032075
-0.767648
0.706492
0.706306
2.04032
-0.0234534
0.537397
-1.41053
0.174581
-0.512724
-1.56311
-0.390875
1.58114
0.814406
1.09168
-0.20188
-0.596269
-0.835177
1.17673
-0.55261
-1.26375
3.62518
2.8776
-1.69096
-1.2914
-0.068441
1.01821
0.14721
-0.123094
0.43888
-1.10566
-0.821845
-0.187252
-0.17684
-1.26768
-1.21004
-1.02404
0.14565
-0.251753
0.251218
1.52062
0.766481
1.13127
1.62247
1.04825
-0.700038
0.75963
0.696915
1.66658
-1.45124
-0.889312
3.90208
-1.96689
-0.85117
0.0141548
-0.171362
-0.0385534
0.168958
-0.260436
-0.633358
-4.46809
0.643498
-3.57105
-0.176608
0.95129
-0.313109
-0.779151
1.19857
-0.808134
1.68998
-0.113083
-0.629768
0.420108
-1.79209
-1.15477
-1.86337
-2.14203
-0.866465
0.927972
0.736638
0.422077
-0.186164
0.234752
-0.0497018
1.374
-0.46666
-0.78003
-2.32807
-1.15888
0.230876
-0.811284
-0.41149
-1.69659
-1.57612
1.47521
1.23112
-1.09733
-0.906932
-0.00905879
2.14223
-0.438101
0.621371
0.227341
4.88312
1.19381
0.403768
-0.717088
-0.0341014
2.32089
-1.0904
0.823622
1.09631
-0.990625
4.08634
-1.4394
-0.915699
-0.358633
0.507317
1.46019
2.96719
-1.17889
-0.262982
-0.926916
0.335932
-1.46439
0.118521
-0.374564
-0.107085
1.20145
1.035
-1.47332
6.52425
-2.09441
-0.499561
0.400519
0.5398
0.381186
0.210404
-7.09874
0.572375
0.231057
-1.03113
-0.177196
-1.27251
-0.365966
-0.225525
-0.770479
1.17596
0.343987
-0.0114588
-0.585529
1.49319
1.88634
-0.175992
0.888532
0.338613
-0.794325
2.82425
3.76165
-3.3328
-1.08128
0.612496
2.06401
-1.5512
-1.09143
0.285066
1.74868
0.405687
-2.28903
0.00526387
-0.54331
-0.927321
-0.427601
-1.56589
0.289144
0.354081
-0.298752
-0.550985
2.65166
-0.429096
1.06711
0.153661
0.890174
-1.22163
0.471295
0.382721
-0.377036
0.0123168
-0.281872
-1.41301
-0.231764
0.0838782
-1.06252
-2.57067
0.121302
0.178992
0.273297
0.79333
-1.79162
0.0990043
0.577955
-0.808032
-0.703906
0.235037
-0.0798559
-0.385015
1.67134
1.78709
-0.175811
-0.439466
0.740978
-1.17525
0.308966
-0.593751
-0.130047
3.81363
-0.179852
0.991723
0.835631
0.631493
0.262433
1.38798
0.452883
1.16511
-1.94147
-1.56323
-1.86766
0.261581
0.457813
0.304429
-0.521356
-1.79855
-0.207255
0.567573
-1.89456
-0.0320721
-0.786521
-3.69999
0.329535
0.847216
-2.33602
-0.0644658
-0.916163
-0.00797624
0.702277
-0.27588
-1.16221
-0.412595
-0.396208
-0.704197
-0.136235
-0.289711
2.04982
-0.0153908
-1.01302
0.909997
3.95322
0.282881
-0.122746
1.98272
0.08125
1.79979
2.33404
0.159993
2.39867
5.233
-2.87217
0.147007
-0.0422183
0.888578
-0.00123876
-1.39432
-0.925622
-1.05758
-0.43329
0.88894
-3.00909
-0.948527
-0.19727
-0.517404
0.00484708
-0.737092
0.259046
0.184974
-1.45578
-0.835582
2.68961
-4.62273
-0.447448
0.680021
0.325146
-2.34584
-0.620367
-0.700131
1.54496
4.42684
0.93005
0.307299
1.39118
-0.129998
-0.14705
-1.29331
-0.729399
-2.79677
1.41028
1.00228
-0.396882
-3.14424
-0.602892
0.42478
-0.648396
-1.33076
0.686707
-0.0414086
2.12779
0.00391666
2.13112
-0.359056
0.663139
-2.40067
1.02099
1.69328
0.434777
-1.55057
4.64006
-1.10709
0.685733
0.809487
0.841623
0.555811
3.25588
0.0648046
-0.143921
-0.0460758
0.928097
-0.284397
1.93373
1.53986
0.180305
0.243022
-0.358715
0.283378
0.234762
-0.306457
-0.0349054
1.03
0.44358
0.177403
0.412269
-0.937587
-2.46585
0.7327
-0.0411791
-1.288
0.112005
1.05715
0.798411
1.29866
-3.37486
0.686026
-1.1215
-0.116504
1.24903
0.957446
0.18473
-0.734468
-0.841794
2.13727
-1.30247
2.3949
0.668127
1.00673
-1.50471
1.055
0.217987
0.804601
0.432929
-1.54809
0.603063
-3.25949
2.43287
-0.600625
0.577634
0.014776
-0.0518661
-1.20023
-0.304509
-0.596931
-0.160382
1.53866
-0.275111
0.150839
-1.7235
0.025226
2.25947
0.0810405
1.18443
0.954579
0.395467
-1.29166
0.044641
1.58548
2.25776
1.32645
2.70121
1.62857
-0.105616
-2.79528
0.574888
-1.09437
-0.893722
0.426537
-0.329516
-0.290572
-1.05671
-2.51756
-0.0720426
-0.250253
-0.470364
-2.3282
-0.346929
-1.07452
0.354743
-0.73138
-2.066
-0.979304
2.26821
0.78686
0.331299
-0.424159
-2.17183
-0.770009
0.0533433
1.35164
-0.413598
-1.19519
0.884602
-2.15212
-0.202712
1.63548
0.560407
-2.70384
-0.861676
0.722723
-1.37428
-1.62791
1.72002
1.14769
-0.908987
0.260338
0.520235
-0.633838
-0.463964
1.22412
1.95725
2.02176
0.0937467
-1.46251
1.03447
0.828676
1.93455
-0.93914
0.120362
1.14083
-0.603159
-2.56889
0.356994
0.170934
-0.376234
-0.873276
0.171386
-0.317056
2.44475
0.380087
1.93003
0.336275
-4.90614
-0.257097
-1.05058
0.164188
-0.255142
-1.26516
-0.493454
1.87774
0.0800188
0.312316
-0.526326
0.156177
0.296035
0.366041
2.96551
-0.78875
-2.11149
-6.59401
-0.0355382
1.05503
0.274885
-1.73004
0.370791
-0.0843906
0.962302
0.165739
-2.78893
-0.566354
0.127199
0.0560662
-0.42153
-3.00832
1.55795
1.92332
0.445739
2.16662
-0.497935
-0.735864
1.39348
-1.28533
1.67214
-0.289285
-2.39499
-0.754566
-0.266475
2.86022
-0.322313
1.66954
-0.966842
-0.492537
-0.244011
-0.515088
-1.37264
-0.141163
0.213545
-0.17192
2.72591
2.4126
2.909
0.284211
-0.360922
0.5077
1.50107
0.0902428
0.129763
-1.73435
0.326016
-0.617206
0.456611
0.0934468
-0.935452
-0.291836
-7.23373
0.930331
-0.650636
-0.0510101
1.60455
-0.489001
-2.45593
1.31841
-4.77423
-5.52516
0.596946
-0.472403
0.573806
0.356898
-1.03894
0.439843
3.13858
0.73844
0.96335
-1.34621
0.950795
-1.38572
-0.152724
-0.155344
0.0996363
-2.04333
-0.881857
0.243261
-0.655534
-0.3625
1.41547
-3.19306
3.13194
-0.948493
0.19389
-0.0591867
0.0422154
1.52118
-1.67522
1.94323
-0.249076
1.89676
