GGD的参数c:1
GGD的参数β:1
-1.34456
0.401373
0.581471
-0.0758281
0.273574
-0.214897
-0.519806
0.907926
-2.10258
1.29645
1.99611
-0.51711
2.97435
1.05659
-0.10457
0.714715
4.28769
-0.218538
0.0966243
0.95013
0.313913
-0.467639
-0.381206
-0.966328
0.278256
0.203417
-1.02938
-0.0866394
0.156473
-0.291137
1.54577
1.20641
0.746182
-0.290221
0.251946
0.256635
-0.53512
-0.831343
-1.33905
-0.307209
-0.334721
0.642267
-4.46297
0.642555
-0.246065
0.0517926
0.304383
0.49726
-0.90455
0.296802
-0.580217
-0.169029
0.854352
0.602967
2.80987
0.0944587
-2.65431
-3.09017
0.876383
0.780321
0.552104
-3.57927
0.426062
0.0861599
1.05931
0.549513
-6.55231
0.132665
-0.321748
0.594053
-2.60097
3.36365
-1.57388
-0.0338534
-2.70896
0.0865432
1.98829
-1.8554
-1.77352
0.693223
-1.27931
1.44581
2.81638
0.909713
-0.716772
0.0386197
-0.129889
1.94791
0.154457
-0.199086
0.45385
-0.0719371
0.395001
0.149179
0.8095
-0.472466
0.400202
-0.766989
2.4162
-0.00936
0.0200373
-1.80627
2.05
-0.902004
-1.43572
-0.958248
-0.62074
0.763088
-0.324872
-0.772658
-3.49355
0.413497
-0.617624
-0.976215
-0.793032
0.166021
0.730682
1.67147
-0.70905
-0.432321
0.633617
-1.32439
0.21393
-1.39135
-0.197794
0.0035019
-0.7246
0.581535
0.290037
-1.99946
1.11018
0.192228
0.611021
0.182953
-1.36676
-1.70653
0.236375
-0.208208
-2.24491
1.10712
0.773407
0.517309
1.91048
0.40369
-0.23883
2.5678
0.196605
0.363847
3.4482
-1.55945
0.194709
-0.351334
-0.538706
0.310791
1.48344
-1.66682
0.311789
-0.221661
1.07365
0.730254
1.9982
-0.579917
0.246845
-0.768184
0.571473
2.18368
0.392083
0.217222
-0.718218
-0.184327
-0.0674457
-0.961818
-1.26513
2.62458
3.87468
0.159008
1.12572
3.13345
-0.132041
0.772641
0.0867114
-3.26678
-0.0285219
1.58065
1.9946
-0.0694378
-0.289042
1.19164
-1.06453
-0.143568
-0.573581
0.927338
2.30727
-0.187987
0.0619173
1.65857
0.00774612
-2.45434
-0.410684
0.53848
-0.61904
-3.67682
-0.499888
0.721875
1.56765
0.10057
4.07269
-0.394794
0.464969
-2.42201
-0.131658
1.6805
0.373354
-0.0655867
-0.344279
-2.46424
-0.120659
0.969534
1.61832
1.61817
-0.212216
0.62444
0.535562
-1.24735
-2.34111
-0.69211
0.267598
-1.93656
-0.257206
0.352923
3.04435
0.345361
0.737141
-1.4791
-0.0253628
1.21107
0.52066
0.59412
0.460642
0.364052
-0.120334
-0.857191
1.35214
0.0741389
0.345232
-1.82645
1.15763
0.356339
0.227044
-1.33565
-1.00146
0.47675
-0.659902
-0.985039
0.434189
-2.37614
0.253989
0.494348
0.740468
-0.466991
0.145908
0.781571
-3.51589
2.3229
-0.527453
0.741193
2.07347
-0.371091
2.2639
0.0958641
1.58064
-1.302
0.266364
-1.26433
-0.814909
-0.773884
0.157082
-0.0107425
-2.05762
0.384309
-1.04636
-2.84149
-0.19056
-0.40239
-0.94021
-4.30272
-0.810533
1.82448
0.553702
-0.708177
-0.573781
-0.349478
1.04364
2.63325
1.90819
-0.873064
-0.280986
0.695236
-1.75723
1.73292
2.20844
-1.38949
2.50031
-0.485185
0.00107473
0.273125
0.831059
0.690732
0.322226
0.0677846
-0.91171
-0.0536504
0.143813
1.31435
4.00021
1.96255
1.17672
0.972089
0.939778
0.268526
0.821863
-0.0329436
-0.286964
0.450794
0.373309
-0.892985
-0.364893
-1.0512
-0.0211778
-2.37402
2.43945
0.0827618
1.7426
-1.62999
-6.11934
-1.16227
-0.27278
-0.850408
0.461523
-2.04087
-0.357479
-0.966592
0.0371372
0.495278
-1.46184
-0.133992
0.597101
0.877608
2.37779
0.320902
1.43641
0.0271514
0.389371
-0.0726024
-0.0481869
-0.147976
-0.0323199
0.81562
-3.12748
-0.450421
-1.01731
-1.07513
0.438297
0.376017
-0.537524
0.403645
2.75554
-5.30755
0.701336
-0.259046
0.216049
-2.37132
-2.88413
0.70258
0.962908
-0.0549312
0.542806
0.452485
-0.272325
-1.65644
-1.5061
0.992297
0.175898
1.61765
-0.996929
-0.772487
0.182308
2.42485
0.406747
-0.856196
-1.62822
-1.44449
-2.63697
-1.07026
2.01567
0.423077
0.0094674
-0.553503
-0.444416
0.171578
-1.76496
1.79143
-0.287791
-0.50314
-1.32278
-0.824214
2.8363
-0.0792442
0.612653
-0.567452
-1.41104
0.48594
3.72396
0.527138
0.760641
-2.57517
-1.00377
-1.05831
-0.202064
-1.97441
-0.377251
-2.80624
1.35872
0.450133
-0.689053
-0.202341
0.694807
0.0894915
-1.45105
-1.82234
-0.683675
1.29618
-0.0402778
-1.39833
0.785394
-0.00883892
0.172599
-0.612876
0.205084
0.025451
1.26902
-1.11683
-0.543845
0.748772
-2.4346
0.452623
-1.01002
-0.167195
2.33321
1.36109
-0.0563694
0.542952
0.248429
0.585629
0.20955
0.88658
-0.0665558
1.48819
-0.241575
-1.65032
-0.425671
-0.212752
-1.00219
1.75026
-3.76684
-1.63624
-0.853402
-0.243949
0.49867
-0.293568
-2.67319
0.0070891
2.20906
-0.057139
0.239075
0.333177
0.618851
-3.30083
0.191135
0.295754
0.234625
-0.529534
2.09513
0.276402
0.214844
-2.12297
-0.104564
0.518137
0.531194
-0.150042
-0.320275
0.118943
-1.44479
-0.145274
-0.872081
-0.922963
1.00099
-0.307517
1.46226
-0.147729
0.223315
0.206695
-3.4172
-0.733711
-1.58717
0.146548
-3.36765
0.0286203
-1.65432
3.07092
0.805831
-0.673531
-0.0875492
1.58789
-0.0399858
0.0704622
-1.02534
-0.23361
-0.546591
1.80537
0.00988946
-0.160053
-1.94848
-0.0103056
-0.987951
0.957992
0.396114
2.2693
1.91016
-0.442338
-0.356836
-0.348225
1.15422
-1.31697
0.562056
0.160127
2.63729
-1.44859
0.625064
0.583216
-1.56203
-0.164384
-1.34264
-0.259334
0.895205
1.09573
0.540128
0.325398
-0.699427
-0.685307
-1.45799
0.912483
0.215721
-1.03153
1.83436
-3.77085
1.05226
0.994293
0.121755
1.39281
0.201624
-1.06709
-0.725116
-0.269404
2.24305
-0.205061
-1.23293
1.61197
-0.264044
-1.67773
0.464999
0.436715
0.0560092
0.0401855
0.305575
-0.464916
-2.36442
0.564763
-0.0256764
2.58777
-0.0434327
0.746658
-1.74584
-0.564741
0.61308
1.99798
1.35059
0.409233
-2.62804
-0.143451
-1.09677
-6.94608
0.0301714
-1.39987
-0.341886
-2.60466
-0.49895
0.988929
-0.198688
1.49241
-0.783436
-1.12661
-0.449448
-0.733953
-0.637684
2.69671
0.000107628
1.28303
-1.28198
0.39271
1.07226
0.203943
0.9702
-6.03879
-0.971125
2.33955
-0.0924289
0.620802
-0.826174
0.286243
0.317049
-0.758535
1.81241
-0.0795177
0.891405
1.08129
-0.541762
0.227497
1.68458
0.805819
2.4603
-0.685103
-0.433349
-0.755096
-0.811628
-1.24033
0.163287
0.014179
-3.32593
-0.0978977
-1.17111
-3.97557
0.163276
-1.72568
0.501161
-1.08474
0.545926
0.885338
0.437145
-0.325358
0.788886
0.145204
1.684
0.253281
0.542221
2.37726
-0.375782
-0.61195
-0.211685
-3.4642
2.99149
2.17119
-1.2005
-2.21872
-0.239908
4.20372
-0.812427
0.0274333
1.2602
1.03138
0.0460755
-0.379318
0.348667
-2.01152
0.0563745
0.148183
-1.7376
-2.96267
2.257
-2.49496
-0.0259359
-0.337681
-0.0910812
5.78656
0.584113
-1.2495
-0.0494829
0.845364
0.278763
-1.52685
2.09643
-0.379216
-0.985043
-1.46819
-0.547966
0.0794725
0.369517
0.00578718
0.850494
-0.526162
0.27205
0.0560825
2.03135
-0.307268
-0.84919
0.210704
0.199189
0.912845
-1.47403
0.318496
1.44692
0.26301
0.397959
0.319997
-0.171426
-0.153514
0.364874
0.120158
0.187619
-4.71068
-1.52929
0.76702
0.0477325
-0.831213
0.140341
-0.731462
-1.43666
1.2006
-0.087457
0.0392802
-0.2159
0.955627
-1.62223
-0.0997628
0.916616
-0.115659
-0.267561
0.130245
0.931645
0.264538
0.591828
1.63369
1.4814
0.276811
2.11971
0.359727
-2.97502
-0.854619
-0.388033
-4.23761
-0.0224408
3.00073
-1.41121
-0.806429
0.0260284
-0.389361
2.01014
1.50767
0.610393
1.79594
-0.728047
0.270474
-0.543128
-0.573772
-5.04489
0.691595
-0.438427
3.49783
1.0675
1.65037
1.50504
0.131426
-0.214019
0.230067
-0.482356
0.0886007
2.07434
0.110868
-1.41656
0.665774
-5.40667
0.816263
0.572462
0.196356
1.68636
-0.15095
-0.70231
-1.11053
2.77719
-0.61086
-0.962869
0.707841
-0.0333339
-0.460321
2.70638
-0.991447
1.40588
0.280728
0.965942
1.59245
-0.250128
-1.89712
-0.568689
0.402975
0.298032
3.22578
-0.284555
0.414981
1.77877
1.02818
0.428989
-1.31238
0.231364
-1.34391
-0.764471
-2.76884
1.17738
-0.325851
0.0860996
-0.522278
-0.607417
4.50878
-1.03548
-1.12001
-0.209205
-1.01808
-0.745113
-0.77916
0.846663
1.72016
-0.11311
-1.34232
-0.708464
0.483705
-1.13696
0.696225
-0.651073
1.05726
-1.13095
-1.59354
-1.97373
-4.02985
0.309103
-1.77839
0.58659
0.0722936
0.666501
0.317278
-0.667559
-2.48643
-0.0107931
0.764249
0.515517
-0.226943
-1.88555
0.590451
-0.315781
-0.929377
1.44395
3.27339
0.8231
-0.913243
0.258371
-0.591764
2.25856
-0.99743
-0.1292
-1.0989
1.10212
-0.0741612
-1.62016
0.928903
1.09273
1.00259
-1.3766
2.18378
0.338087
-0.0425534
1.06912
-0.0259623
0.415479
-0.111596
-0.353564
2.73808
-1.12119
-0.581763
3.68339
0.511274
-2.02464
2.68
1.91988
0.503397
1.48598
0.364227
-0.128196
0.0416069
-0.0672184
0.768405
1.10375
-1.63405
-0.209405
-0.392295
-0.996698
0.146465
0.292145
0.469741
-0.844235
0.00218041
0.260733
0.0884811
-5.1283
-1.21722
0.0747853
-0.274753
0.136753
-0.239605
-0.57268
0.685077
-0.631631
0.71869
2.28822
0.0456941
-0.987465
-1.17555
0.00876535
1.59006
-1.84262
0.152143
0.586707
-0.159264
-0.609233
3.00611
1.21638
-2.38257
-3.42054
-0.927615
-0.647003
-0.309163
1.67765
0.0370381
0.00389301
-0.0184214
1.02469
0.12267
-4.35694
-0.558941
0.442909
0.0753857
-2.28832
-0.0572764
-0.421094
2.74165
0.555989
0.476115
0.869807
0.388041
0.423414
-0.191529
-0.0556786
0.522132
-0.20116
-3.21619
1.67062
0.595886
-1.84616
2.92873
1.79285
-0.968237
2.78105
-1.05494
-1.86632
-0.222585
-0.115714
2.17539
0.664323
0.689281
-0.305105
0.510226
-0.0747794
0.156601
1.12332
-0.622716
-0.148495
1.67891
-0.543369
-0.0811327
-5.11451
-1.00436
1.06011
-0.980861
0.356916
0.943246
-0.125183
-0.245436
3.01325
1.28771
-0.965296
1.16088
-0.411486
0.5367
-2.18072
-2.02526
3.16735
-0.801009
-0.0215321
-1.78849
0.076704
2.23376
-0.865656
1.77982
0.279763
-1.62107
-0.71655
-5.49751
1.3716
0.0856408
-3.29287
0.695757
0.170013
0.556498
-1.13119
2.05267
-0.95296
-0.473096
-0.00275506
-1.9242
-0.156879
0.740406
-1.66066
-0.679415
0.0464507
0.602169
0.332728
0.181016
-0.357742
0.241168
-3.08639
-0.925277
0.341874
-0.101885
-0.548945
-1.49218
-1.03597
-0.489904
0.349425
0.596558
0.633725
0.808325
-0.222939
0.59882
3.33774
-0.527387
-0.0576579
-0.449051
-0.131759
1.25084
0.130683
-0.00186743
0.262372
1.37394
-0.0383228
0.0767791
-0.763508
0.959118
-0.293226
-2.29874
-0.565704
0.794773
0.253502
1.32381
0.909759
0.0303755
-0.430817
2.58159
-0.796597
-0.699303
2.55654
0.32501
1.42727
0.356735
1.65903
1.33489
0.755813
0.0175593
0.205784
-0.0567327
3.49057
-2.14287
0.255932
0.263432
0.0178798
0.600965
-3.58571
0.163562
-0.364588
0.998644
0.963651
0.774776
2.69847
2.21803
0.277262
-0.819555
-1.39697
0.323854
0.762522
0.309799
0.491917
0.0626304
-1.61216
-0.157823
1.47788
0.864927
0.396687
0.0643872
0.000366747
0.497829
1.43221
0.11298
-0.19788
-0.628394
0.154269
0.795116
-2.29772
-0.882359
0.856682
0.262227
-2.96613
-0.0440432
-0.0942636
-0.418704
0.865593
0.124138
-5.4717
0.0363664
0.430236
0.326129
0.999619
0.338901
-0.303906
0.278405
0.173882
-0.828255
-0.65909
-7.38756
-0.119154
-3.33755
-2.61729
0.572327
-0.0439305
0.404287
0.0878771
-0.282807
-0.547522
-0.682888
0.0292853
-0.329092
0.621962
1.22725
0.607248
-1.74384
-0.277668
0.400252
-1.02217
-0.361252
2.33698
-0.253146
1.01713
0.874247
1.76247
-0.803141
0.117547
0.372438
0.580328
-0.319517
-2.50851
-0.889731
-1.88026
0.900481
0.573883
-0.336146
-1.54209
0.562563
-0.0946542
-0.112273
-0.289499
-0.49303
-2.29308
0.500194
-0.424825
0.435594
-0.409539
-2.20938
0.11935
1.09372
-0.550882
0.0809835
2.36819
-1.74675
-0.7017
-0.0996249
-0.756628
0.100231
-0.165363
-3.19262
-0.661127
1.64175
0.212124
-0.851162
-2.29367
3.08435
0.657782
-2.33974
1.21474
-0.613969
0.385483
-0.0945867
-1.1216
-0.380746
0.114436
0.561809
-0.987838
-4.40861
-0.125134
1.13382
-1.68371
-2.63656
1.22321
0.753603
-0.86883
0.859165
-4.6448
-0.268842
1.18625
-0.604322
1.20055
0.245029
-0.338847
-3.23253
-0.578163
-1.43821
0.0102029
-0.805903
0.982949
1.44452
-0.974903
-0.548222
0.499977
-0.531602
-0.0850738
2.23162
0.202606
-2.14262
-0.409315
0.285861
0.704529
0.418434
1.12619
-0.152816
0.920316
-1.88499
-2.92119
-0.18225
-1.24045
-4.58788
-0.0639414
-0.295584
0.947589
-0.192726
1.13585
-2.67879
-0.352603
-0.668732
0.0773368
0.0574776
-1.6628
-0.401507
0.612742
4.60103
-1.10391
0.110673
1.5618
-0.508065
-0.174913
4.23946
1.06079
-0.435822
0.529591
0.227243
-0.623234
-1.22646
0.0267196
-0.837374
-0.85347
0.486872
1.48496
-0.152186
1.38584
-0.652405
-3.89292
0.247286
-0.917603
1.75969
-1.6143
-1.42778
-1.4538
-0.618596
-0.791347
-0.740603
0.92895
1.80211
-0.222722
2.57074
1.0791
-0.135013
0.593438
-1.84468
5.09344
-1.63885
-0.706375
-1.29858
-0.597365
2.04071
0.111731
-0.141725
-0.913451
-0.717582
-0.4308
0.574292
1.28147
-1.68626
0.935179
-3.45503
0.0344324
0.16992
-3.74506
-5.99592
-1.32688
-0.108571
-0.669897
0.0929833
-0.0193396
-1.9642
-0.884744
0.0477505
0.142642
-0.604825
-0.618981
2.24494
-1.87899
1.31634
0.22981
0.20157
0.00520619
2.58091
-0.390858
0.564583
-1.78327
-0.13766
-0.188879
1.02894
-0.00144669
2.53981
0.120677
-1.21589
0.697087
-0.426041
-0.564492
-0.0659127
1.38041
-0.318738
-3.80998
-0.041496
0.072348
0.774662
0.612504
-0.218979
-0.392102
1.01555
2.12325
1.16417
0.41722
-0.559287
-1.2247
2.14845
0.348447
0.106064
-0.40606
0.375774
0.567568
-0.453385
2.31942
1.42763
-0.77263
0.756051
-1.47829
2.05179
-0.382265
1.47195
1.14583
0.0553447
-0.73312
-0.479298
0.621747
-1.08983
0.82983
1.18257
-1.33751
-0.200326
0.0341435
0.639125
-0.919688
-0.693192
1.84254
-1.13618
-2.71612
6.19833
-0.880447
-0.164534
0.565059
4.05156
-0.529665
-0.0636166
0.744306
0.289168
-0.362171
-3.87939
-0.945293
-3.13095
-1.12001
0.234789
0.0365283
-0.284385
0.282231
2.56583
0.148188
-2.33413
-0.554262
0.195284
-0.233887
3.28011
7.7158
-0.22298
-0.0799637
-0.00374521
-0.0235325
-0.27059
-1.25717
-1.07134
-0.44123
3.64936
-2.06364
1.01511
0.881168
0.845017
0.00875912
1.25107
-0.046443
0.0884448
1.72531
-1.12866
-0.939582
-1.17546
0.488218
1.28002
-1.86035
-1.01727
0.111084
3.42275
-2.9319
0.0683085
3.485
-0.138732
-0.190128
0.572061
1.38074
0.271694
-0.876774
-0.138707
0.619194
0.00180737
0.618737
-1.24578
-1.18
-0.203183
0.312952
-0.284188
0.402095
-3.83196
2.71861
-1.6467
0.161264
-3.93867
1.36601
-0.412189
-0.0183549
-2.73239
0.143816
0.0317734
-2.0088
3.21904
-0.18218
-2.29073
0.423255
2.32734
0.775714
0.0830396
-0.130777
-0.200197
0.621083
-1.51887
-3.1404
1.18426
0.776198
-0.759045
-3.47067
1.3564
-0.939508
2.38899
-0.184658
0.0886852
0.564754
1.50152
1.32736
0.0216965
-0.0679825
0.20331
0.12095
-3.3645
-2.07562
2.45004
-0.357929
-1.88962
-1.75769
1.25796
1.47517
-1.21102
-0.00530391
0.492966
0.881835
0.54243
-1.4127
0.0637606
-0.160941
-1.24644
0.424307
-1.91144
0.166639
0.870449
0.678545
-0.382674
-0.201567
-0.966292
-1.55988
-1.11586
2.25806
0.0746432
-0.286077
-0.59047
0.171435
-0.768014
0.577864
-2.1873
1.60271
0.128936
-0.611769
0.42115
-0.538074
-3.08844
-0.52575
1.84679
-0.314679
0.0654104
-1.03083
-1.28403
-4.79746
-0.506923
0.554209
0.0331328
0.793599
-0.499001
0.0865057
-0.434972
0.527333
0.4764
0.56622
1.48606
2.12745
-0.0522134
0.735223
-1.09321
-2.07736
0.220665
0.421795
1.49121
-0.85517
-0.507564
2.68188
-4.69655
-2.5728
2.13561
0.311473
0.290481
-0.0976005
0.716373
0.781157
0.154986
-1.69995
0.318858
0.656063
0.522492
-2.03805
-0.371167
1.10349
0.332249
-2.19876
1.69037
-1.12828
0.472562
0.186546
-0.0501094
0.559281
0.669351
1.14965
1.24484
-0.0406566
0.768301
1.99871
-0.328377
-1.62831
-0.327737
-2.24639
0.549771
-0.987569
0.164905
0.781414
0.826376
1.14423
-2.41638
0.189176
-1.22165
-0.555525
0.190453
-0.818211
0.445037
-0.0896432
-1.09288
1.05979
0.0982559
0.750368
1.88318
-0.540093
0.908424
0.101722
-0.0874837
-3.13888
-5.38178
-0.68921
-1.11171
-0.854824
0.106173
-0.229763
1.86733
0.89472
-2.76165
4.44876
1.58209
0.245644
-3.0468
-0.0460289
0.776654
1.51481
0.261327
-0.79172
0.684433
-0.0878186
0.959676
2.09158
1.41216
-1.34756
2.81952
0.530947
0.98148
-1.2698
0.168237
1.00588
-1.12893
0.230792
-0.066135
-1.66305
-1.03125
0.782838
0.859701
0.34049
-0.843144
-0.384266
-1.99373
0.373364
-0.773616
0.2095
-2.80276
1.29001
-1.5196
-1.10904
-1.49306
0.686599
-1.45738
0.635713
0.697261
0.00631408
0.136356
0.910698
0.162977
0.253998
0.218611
0.345382
-0.1219
1.00608
-0.980333
1.03718
0.743553
-2.00463
0.103941
-1.37886
-1.03804
0.0466267
-0.025705
0.103295
0.201801
-0.539136
1.32654
-2.82899
-1.69417
0.714515
0.448698
-0.173837
0.22586
0.636228
0.0593179
0.591911
-1.22654
-0.0177008
-0.0464265
1.6445
-3.20074
-1.55256
0.591492
-0.333201
2.17895
0.934758
1.91162
-1.05206
0.418674
0.690907
1.31014
2.60516
-1.09742
0.559382
1.75695
0.971066
-0.306369
0.322667
1.5659
0.396295
5.98557
-0.131237
0.161169
2.42002
0.465184
2.09757
-1.18818
1.00318
-0.0472035
0.490275
2.15443
-0.184067
0.736029
0.0821959
0.203893
-0.880803
-1.21229
-0.237086
0.213922
4.43241
-4.32992
-3.22369
0.810183
0.225891
2.76337
-1.10429
1.20926
0.346461
-1.64048
-2.07235
1.31178
1.29218
-0.142655
-0.00564689
-1.63556
-0.881432
-0.121751
-0.330849
1.38535
1.4871
-0.100078
1.03676
2.21305
-0.474546
-5.58445
-0.502016
-1.53061
-1.30815
0.652364
-0.118092
-3.30611
-0.921331
-0.580741
3.2392
-1.1064
-2.74464
-1.50618
-0.636663
2.96163
-0.73198
-1.09793
0.143556
1.31717
0.0888167
2.25287
0.670892
-1.27443
-1.57124
0.377799
0.72859
4.2103
0.55939
0.510027
1.14107
-0.0399772
0.246757
0.771767
0.37179
-1.82406
-0.484069
1.15973
-5.71542
-0.292433
-0.328483
-0.250779
0.284903
-0.486705
-0.162109
-0.940912
0.0839398
0.559447
-0.031206
-5.6259
-1.23265
0.0395055
-1.26011
-0.359873
0.123207
-0.322668
-0.76374
-0.758315
-0.061077
-0.0516962
1.32722
-0.0103982
0.545963
0.327694
0.476116
-0.620442
-1.96795
1.10447
-0.879447
-2.40632
3.04124
-1.92027
-0.32996
3.29628
-0.136014
0.0622209
2.00713
0.725478
2.14876
-0.4006
1.17266
-1.34588
-1.72025
0.0462105
-0.944052
-3.22257
-0.0406415
0.615515
1.99221
1.94203
-1.91499
-1.8065
-0.0515516
-0.265625
-0.824204
-0.329372
1.9754
0.0963545
-2.22489
-0.586382
-1.32707
0.503847
-0.81756
1.46313
0.844133
-1.04373
0.392481
-0.54276
-2.28715
2.71648
-1.90632
-0.111779
0.962922
-0.0284603
4.44352
0.662582
1.05244
-1.04754
0.222777
1.57909
0.853464
-0.776761
-0.25235
-0.693641
-0.175244
0.116937
-0.566667
-0.661975
-1.96322
-1.58385
-1.8306
-0.851936
-0.664479
1.28745
0.809737
0.803677
0.756976
-0.348372
0.542057
1.48057
-0.0317285
1.69941
-0.880102
1.85775
0.222324
0.628274
2.67097
-0.513281
-1.59085
1.54557
0.406781
-1.54108
0.215722
-2.80439
0.428782
0.563359
-1.66798
0.253328
-0.234016
-0.00367887
0.704034
0.0247331
0.855631
-0.7158
0.312781
1.33368
-0.598046
0.190335
-0.0744201
0.213313
-1.52559
0.843171
-1.56074
2.73373
0.661219
-0.395282
0.115445
-1.09592
0.466622
-0.100076
0.0349889
0.127497
-2.81
0.816975
-0.0387129
2.32049
0.255807
0.902122
-0.736199
-3.57
-0.366548
1.08635
0.914087
-2.04498
-0.0380539
3.39566
0.247396
-0.572898
1.21072
0.554753
-0.389939
-1.08197
0.620967
0.107007
4.49369
-1.53653
0.550676
0.748308
-0.477158
-0.474503
0.5829
0.0884208
2.74904
0.409339
0.925167
1.60303
0.976669
2.49049
0.0984416
-0.216789
-1.71366
0.512586
0.185818
-0.0464867
-0.0688069
2.45593
-0.643799
-1.03413
2.11114
0.66392
0.448532
-1.67777
-0.573437
0.11485
-0.547955
0.677067
0.220237
1.22483
0.192723
-0.254388
-0.267232
-0.256561
1.77818
-0.0819425
0.373287
0.426317
-0.279849
3.05294
1.32549
0.863986
-0.619995
0.109145
-0.346029
0.816459
-0.715398
-1.07319
0.261466
-0.916552
0.273184
0.293303
1.0944
0.818479
0.630116
0.314178
1.33378
1.06807
-0.131564
0.519788
-1.55607
0.0509926
0.737317
0.13296
0.568475
-0.988106
-0.373675
-1.5873
-0.829834
0.0185647
-1.50481
0.660552
0.879193
-0.615836
0.153277
-0.112345
0.529034
0.215156
0.681524
-0.587187
-0.351672
-0.87421
-0.144561
-1.24626
-1.28373
0.167186
-0.414846
2.72893
-0.390917
-1.30455
-0.439605
0.0518942
0.103009
-0.183833
0.131864
0.256248
2.98495
1.28076
-0.965073
0.537287
0.101183
2.25302
-1.93787
-0.299162
0.0521688
0.0201869
1.46773
0.192683
0.845957
1.23488
1.07033
-0.0643925
1.65175
3.17282
0.0466153
-0.127387
-1.6335
-0.593196
-0.315855
1.28143
-0.140816
-3.57325
-0.660912
2.12939
0.465294
0.367707
-0.0870829
0.0881309
0.334961
-0.195246
-1.39285
-1.0012
0.686328
-1.02913
-0.255419
1.42504
-0.686329
5.00219
0.689486
-2.85871
-1.6539
0.203198
1.78692
-0.0977809
-1.04738
-2.27338
-0.708414
0.776856
-0.885142
-1.18159
0.389144
0.149455
0.646811
0.423975
0.127524
0.000816973
-2.62227
0.00679682
-0.819781
0.554347
-0.491016
0.440175
1.04825
-0.542934
0.787111
-2.84825
-0.171209
0.084512
0.0186559
-0.38147
-4.09177
-1.12121
-0.470234
-0.0662434
0.549823
1.58508
-0.847414
2.73761
0.0152274
-0.58324
-0.193725
0.191265
-0.562018
0.802539
-0.436602
-0.080483
0.713202
0.0435051
-0.0908311
-1.43734
-0.583983
-1.06053
-0.704501
-1.29168
-0.624883
0.238168
-0.757648
0.444492
-1.01539
-0.720712
-0.311459
-0.153609
-0.0343809
-0.122865
-1.04604
0.608143
-0.160777
-1.13755
-2.61874
-0.0536723
-2.91019
0.457471
0.759165
-0.353262
1.05457
-0.176206
0.0759368
-0.759281
-0.644296
-0.32157
-0.303524
2.38829
3.31029
-0.0763006
0.657855
-0.580982
-0.0304582
0.500689
-0.869653
-0.762405
-1.41304
-0.107739
-0.585209
0.358815
-1.77263
-0.428544
-0.0584446
0.970974
-0.0477819
0.324333
-0.145218
0.452898
1.08327
0.0392934
1.13282
3.25703
-0.573574
-0.380528
2.29079
1.11227
0.910606
-0.280324
-1.16424
0.205618
-0.747604
1.26359
-0.569284
0.189518
1.13128
-4.62273
0.086093
-0.28252
-0.718009
0.577301
0.11374
4.81451
0.576102
0.0154189
0.336538
-0.690452
-0.723079
2.66506
1.21704
-2.02947
-0.233907
1.46135
-1.08344
-0.436655
-2.36953
-1.14323
0.304682
0.845159
-1.96575
0.141918
-2.52617
-0.193833
-0.896107
-1.06973
0.244777
3.465
0.14134
0.0566328
0.100041
-2.86854
-2.47571
-0.43962
0.689674
0.945767
0.379969
-0.0249966
0.275005
1.07194
0.3793
4.4102
-0.66222
0.298583
0.703882
0.998011
0.488339
-0.268854
0.572669
0.166724
2.2414
0.472961
0.891948
3.67179
0.258299
-0.291272
-2.50199
2.67009
-3.82055
0.435377
-0.491192
-0.934662
1.92097
4.30769
-2.03151
0.731023
-0.890633
1.46313
-0.60056
-1.16336
1.45798
-0.469102
1.15353
-0.865781
1.19139
0.0764848
1.29324
0.377707
-2.08802
0.446286
0.51737
0.207668
0.0648084
0.182449
-0.645877
0.457873
-1.34888
-0.243518
0.409729
0.271354
0.122172
0.89715
-0.364055
-0.234544
-2.04867
1.22843
0.304233
0.862705
-3.00357
-1.0342
-0.0310951
4.5399
-0.000692769
-0.801246
3.35669
-3.7339
-1.65025
-1.08736
-2.35001
-0.864755
2.19086
-0.212186
-0.788967
-0.426252
-2.69808
1.11196
0.18449
-0.156694
-4.00887
0.833868
-0.510248
-0.151077
-0.203557
-0.831355
-0.00340473
-1.52258
-0.0575864
1.09991
1.79655
0.651258
0.369037
-0.0110185
-0.0380078
-0.0398194
0.516703
-1.33746
-1.63584
0.786195
0.689041
-0.14618
0.471954
-0.973146
0.0683372
-0.592772
1.46814
-0.842443
0.157332
0.558822
-5.38335
0.243955
-0.201476
0.0116954
0.860141
0.0473278
-1.18928
-0.0490323
0.582288
-0.433686
-0.723001
0.238477
-1.50618
0.0373321
-0.369148
1.89261
-0.00394637
-0.123206
0.615048
-0.334056
0.955639
-0.66677
2.05705
-0.779855
-1.37971
2.04079
-0.24581
0.675732
-0.0737729
0.390085
0.0363044
0.725607
1.14002
-0.285012
0.0470808
0.748017
0.0016876
-2.06559
-0.21235
3.13646
-0.944602
-0.787883
0.435567
-0.626948
2.83579
1.29903
1.7573
-1.13643
0.354022
0.509775
1.1576
-0.209712
0.901047
-0.236893
1.77283
0.225094
0.157327
-2.28823
-0.0154776
1.38387
-0.322392
1.63072
0.513344
0.948595
2.541
1.11726
0.0652369
1.84233
-1.92062
-0.095876
0.0146623
-0.337409
-0.0492502
-0.655529
0.913316
-1.38416
-0.489879
-0.950063
0.613737
0.3497
0.355683
0.231307
-1.65194
1.60772
-0.0540347
-2.9015
1.09763
-1.46138
0.553347
-0.492614
-0.0902087
0.62983
1.49767
-0.323097
-0.0233879
-0.5356
0.125316
2.74533
-0.721784
-2.77801
-0.0690318
-2.37347
-0.173935
0.651269
-0.174262
-2.19679
0.364613
-1.21221
-3.6899
-0.60367
-0.541031
1.82021
1.82419
0.435245
-0.12105
0.608132
0.759997
1.74674
-0.100511
-1.55673
0.152311
-1.48429
0.865844
1.3604
3.83995
1.55312
1.18883
1.80922
-1.02009
2.03767
1.87555
0.105205
-0.471357
0.246773
-0.643748
0.993366
0.777009
0.0597234
-2.1931
0.298595
-1.9139
-0.947915
-2.67199
-1.21321
0.164233
-0.147326
1.10758
-0.220822
-0.954573
-0.101172
0.339363
-0.0482066
-0.231967
-0.600796
-0.0374725
-1.53206
-0.094834
-1.99714
0.0634074
0.425331
0.670083
0.153781
-2.35158
-0.707972
-0.076482
-0.566745
0.905706
-0.0826282
-0.297542
-1.64525
-1.64206
0.487045
-0.804621
0.378369
0.947546
-7.59916
2.65525
-0.563734
1.46425
-1.42666
-1.55398
-1.78124
0.434836
-0.682701
1.55651
0.889337
-0.376289
-0.288431
-2.07368
0.893409
0.0813942
0.346118
-1.01818
-0.624823
-1.52157
-3.05895
0.508148
-0.427695
0.228526
0.870309
0.496036
1.53925
0.611288
-1.14113
-0.630049
-0.0729879
-1.5575
-0.878032
-2.03371
-0.163112
-1.38639
0.879619
-0.162605
0.362728
0.450401
0.0228924
-0.117291
-0.603198
0.964425
-0.991576
-5.32837
0.379991
0.833512
1.30327
-0.169219
0.188467
-0.159943
0.558379
-1.75
1.13822
-0.0268428
0.384667
1.33202
0.344539
-2.03153
0.0334603
1.3815
2.32559
1.71836
-0.350721
-0.587009
0.470916
-1.75549
-0.944109
-0.454405
-0.708006
1.61842
-0.278781
0.0964677
-0.0957136
1.2459
1.86997
1.25957
0.0984365
3.15522
-0.357781
-3.67431
0.164527
0.580416
0.061953
-0.0224908
-1.04148
-0.24615
2.61059
-0.808039
0.331328
0.726937
0.125276
1.00776
-0.270677
0.368148
-0.612262
-1.08761
1.31329
-0.157393
1.44547
1.93446
1.02214
-0.420354
-0.989437
1.38495
-0.194979
-0.819338
2.14604
-0.780091
2.3122
0.270305
-0.25895
-0.29857
1.26433
-1.24365
0.348951
1.07254
4.89426
-1.25479
0.00270453
0.249654
-1.24823
-1.0726
2.00199
-1.16415
0.71446
0.64945
2.20586
-0.900542
-0.465254
0.254711
-0.0872482
1.20535
-1.61029
1.15084
-0.0628684
0.717448
-1.4009
0.195878
-2.2852
-1.57511
0.211167
0.277266
-0.22513
-1.26246
0.106317
-1.79038
-0.859899
-1.72192
1.54101
1.43083
-0.142229
0.88517
0.315603
-0.260007
-0.244377
-0.673866
3.49909
-2.0786
0.635361
-2.0088
2.49988
-0.292501
-0.89341
-0.75714
-4.80879
-0.476016
0.824637
-0.27576
0.0502845
1.15205
-0.63348
0.0281973
1.00403
0.131411
3.82734
0.301779
-0.0492941
0.363986
-1.12345
-0.846864
-0.0677526
-2.53222
-2.49141
-2.22885
-0.689268
2.02192
-1.10164
1.74607
2.0331
0.916941
0.0505314
2.17773
-1.16654
-0.287887
1.44947
-0.0638605
-0.781697
-2.49482
-1.3228
0.481914
-1.65172
-0.0164581
-0.37364
1.25072
-0.0886219
-0.48967
-0.927642
-1.26537
0.495938
-1.19823
2.27492
-1.71584
0.13951
0.612303
-2.56377
3.16052
-0.9814
1.67917
-1.00678
0.374791
-0.638777
-0.22766
-2.23966
-1.57012
-0.474368
-0.224143
-0.546716
1.14477
1.77658
1.30639
-1.61004
0.409768
-1.11951
2.05023
1.13024
-0.61634
0.330904
-3.84652
-3.10318
-0.761054
-1.75804
-0.939683
-2.27076
-2.14913
0.601742
1.48858
0.318287
1.3197
0.916222
-2.16552
0.609343
0.636447
0.293252
0.535115
-0.533012
2.32704
0.99828
1.50059
-0.0123269
0.651843
-0.851509
0.389595
1.63956
-1.32929
-0.815463
0.212469
-0.151082
-1.3372
-0.786013
-0.748632
-3.03738
-3.0234
0.679146
-2.23266
1.35596
1.32701
-0.0688077
-1.66418
-0.287311
0.614481
-0.000818443
-0.138794
-1.81103
-0.425517
-1.81697
1.22448
-1.18718
0.18889
1.53901
0.0461859
1.71664
1.26813
0.302688
-0.619218
-0.315896
-0.799247
0.30067
2.08395
0.85623
-1.69802
0.445417
-1.15958
-0.205081
-0.0731841
1.27033
-0.243034
-0.333157
-0.84297
-0.814466
0.433248
0.58766
-1.30191
-0.896428
0.273691
-0.224066
-1.75725
-0.263569
-0.992418
-1.12632
-0.304581
0.732957
-2.49967
-3.27133
0.0845373
-2.43439
-0.0165992
-4.90758
1.24159
-0.162137
-1.47232
-0.529976
3.31304
0.314282
0.977685
3.19108
0.688004
0.0847249
-1.83217
1.2208
-2.78133
-3.86178
0.189397
2.01571
0.0220341
-3.56691
2.33763
-1.67084
0.769254
0.946919
3.81206
-0.48809
1.07744
2.7689
-0.229596
0.719162
-1.36145
-0.285388
-2.53045
0.0726579
1.96364
0.551643
-1.37084
1.66445
1.3686
-0.742804
1.33766
0.167131
-0.566677
0.572549
0.92173
-0.0999057
3.68741
-0.572895
-0.777608
0.655666
1.56159
-1.55203
-3.76017
-0.959846
0.0897117
0.0809622
-0.0686416
-0.0560453
0.469345
-2.58885
0.0443907
-0.438081
-0.489512
0.0768232
-1.35813
-1.28906
-1.4048
-0.616874
-1.23484
0.135862
-0.0690993
-0.681919
0.0730266
-1.74295
1.38423
0.0358656
0.374106
-1.88999
0.508741
-0.608046
-0.177958
-0.0969882
0.108108
-0.372994
0.746587
-0.200683
0.472152
-0.0537896
-0.270152
1.57222
2.38997
1.50745
-4.34768
0.137136
-2.48909
0.198193
0.068834
0.410348
0.7688
-0.247759
-1.4686
0.114517
-0.32146
-1.26356
0.0916252
4.4236
-1.06597
1.56263
-0.499511
0.100903
-2.59675
-1.4779
0.227594
-2.49333
-0.0685468
0.199497
0.0857739
-1.51612
-0.662254
0.365973
3.05005
0.557669
-0.588383
1.30156
-2.05326
-0.273836
-0.341304
-2.03476
0.279089
0.487421
-1.41059
5.17109
-1.53824
-1.64422
-1.03391
0.175335
0.12612
-2.20943
-0.750573
0.730372
0.932326
-1.48887
-0.484534
-0.0688266
0.447826
0.595211
-1.77746
-0.733217
-0.146437
-1.37213
4.03946
-0.52701
0.406665
0.135779
-0.576306
-2.59125
-0.331076
1.79589
1.01587
0.116456
1.6832
0.161532
0.0106757
-0.375161
0.501454
-1.62186
0.909778
2.08759
-0.290248
-0.561114
-0.576877
0.63552
-0.474724
0.337561
-0.107654
-1.74159
-1.01699
0.074432
1.25397
1.31471
0.864439
-0.0321795
-2.40141
-0.150248
-1.4552
-3.09099
1.18294
-1.79944
-0.264357
-0.558614
-0.914867
1.42314
-0.122851
-1.44576
-1.70372
-1.31417
-0.696315
-2.80626
-0.141218
-0.98416
-2.90621
-1.67056
-0.709186
0.0682438
-1.08773
1.1028
0.578117
0.510877
-0.524706
-1.42201
-0.318522
-0.589314
0.414466
-0.195398
0.92382
-0.0517756
2.24293
-3.0775
-0.459446
0.618818
-1.25052
3.80212
0.234592
-0.304556
1.40202
0.211741
1.858
1.14028
0.0752821
-0.611216
-0.356831
-1.30101
-3.13813
0.267027
-2.55553
-1.57855
-0.90549
2.8496
0.0713863
0.0439111
-0.893037
0.797049
0.119674
0.282573
-0.243761
-0.035092
-0.139437
-1.13004
2.57894
-0.0629471
2.12949
0.359158
-2.26719
0.342639
0.329473
-1.02739
2.83314
0.889732
-2.52074
0.0763463
-1.30618
0.583598
1.12088
-0.927361
1.61074
0.825992
0.397841
-0.848583
0.118104
-1.66584
1.10227
0.0192088
-0.118317
-0.12144
-1.37263
0.493966
0.744493
-1.388
1.21696
-0.47358
-2.2323
0.576256
0.412052
-1.35514
-0.0879708
-0.644973
2.57916
-0.0438553
-0.0176184
0.465674
1.71482
0.391648
-0.830843
0.815322
-1.78908
-0.118961
-3.21401
-0.456662
0.598256
-0.0624559
-0.542232
-0.0740788
0.166919
-1.25785
0.0696006
2.68627
1.40225
-0.134743
0.0184545
-3.19535
-2.16704
0.0377704
-0.000827937
1.21661
-1.1502
0.178936
-0.204823
0.0525783
0.962165
-0.0440417
-0.623623
-0.0402451
0.21657
0.117632
0.271199
-0.510455
3.57077
-0.774357
1.69058
-1.88028
6.31322
0.525133
0.425299
-2.31646
3.89936
-0.540916
-2.79193
-2.72686
1.34195
2.11784
-0.768324
-0.288549
1.0216
-0.0391027
0.867257
0.140613
0.573843
0.234282
0.966071
-1.22366
-0.47452
-1.63603
0.104857
2.9267
-0.0685461
0.318924
0.101016
-4.46339
-1.27019
0.886146
-1.37292
-0.0771649
-3.30931
0.958593
-2.23176
-0.749595
1.0636
-2.48693
0.156718
-2.32152
-1.27847
0.452152
-1.46975
-0.314951
0.151253
0.284311
-0.209653
-0.144478
-0.456075
-0.138356
0.871445
-1.08002
3.45007
-0.828251
2.34577
-1.92627
-0.174729
0.479141
-1.94989
0.196866
-0.867029
-0.250899
-0.488494
-1.35715
-3.80141
0.520859
-0.360647
0.354552
0.168889
0.195555
-0.029641
3.15232
1.07963
-1.46213
0.255627
-1.73505
-0.498641
-1.01199
-1.49244
-0.190996
-0.886897
-1.43778
0.457618
0.407917
-1.55903
-0.071116
0.37988
0.867673
0.614332
1.08798
-0.0896651
0.58046
0.210263
0.823619
0.0569112
-0.871908
1.4503
-1.23217
0.764506
-0.0305994
1.00868
0.303929
5.08488
0.857414
2.00677
-1.03728
-0.388627
-0.0334826
-0.186173
1.49837
-0.137168
-1.73758
-0.0093049
-0.613383
-2.70551
-0.704731
-0.636497
-0.955548
-0.0762286
4.66616
-0.796281
-4.14531
-0.382789
4.04892
0.210105
0.0949837
-0.130737
1.47498
0.278938
0.371606
1.66498
1.77867
1.04497
1.55644
-1.06866
1.99112
0.145571
-1.50481
0.291631
-0.387746
0.0458521
-0.643317
-0.943818
-1.44629
0.462494
-4.28483
1.87632
0.087338
0.794604
1.14582
3.39536
0.321054
0.934595
0.648299
1.50509
-0.736878
-0.0696332
0.238665
-2.30378
0.435123
-0.290811
0.383352
0.00282557
1.50057
2.24982
-0.776454
-0.0100857
-1.86916
0.974489
1.11426
2.07289
-2.05258
2.54684
-0.662591
-0.0460681
0.178395
-0.449741
-0.286008
-0.114881
-2.79374
-1.22886
2.34583
1.60725
-0.570332
-1.7134
0.127069
-0.786869
-0.35188
0.0884576
-0.285723
0.789703
1.39216
0.804003
0.515833
-2.98538
-3.55451
-3.40756
-0.980223
-0.660188
1.14316
0.641753
0.770275
-1.78475
0.432559
-0.247387
-1.77119
-0.406975
1.53533
-0.506635
-0.0210951
-1.18954
-1.16595
0.21839
-0.961672
-0.0381205
-2.14616
-0.425187
-0.746848
1.71111
3.00089
2.01578
0.627269
1.34222
0.0678466
0.117701
-0.331464
0.629858
2.28865
-0.0867673
0.125235
0.175047
0.489337
0.0113997
0.78446
-0.513987
0.278766
1.51074
0.0497252
-1.47728
0.285457
-0.028211
-0.427602
-0.506899
-0.289192
0.171333
-1.32379
2.09987
-2.21775
-2.2173
0.096152
-1.17634
-2.43326
2.09607
-1.39194
-0.600133
-0.768191
-1.08391
-3.37485
-0.126773
-1.20902
-2.96388
-0.678814
-0.428485
-0.164903
-0.402784
-0.635706
1.12117
0.126583
-1.09767
0.800236
-0.514678
-0.497859
-0.430202
0.095731
-1.5042
-0.0827359
1.34673
0.584208
1.61589
0.00599635
-0.28751
0.286712
0.1374
0.862834
-2.43583
0.165069
2.04291
-0.403684
0.333203
0.352244
1.85242
0.321821
0.211003
-2.46613
-0.0673374
0.0985762
-0.533254
-1.68371
-4.0823
-0.48898
1.59034
1.49817
0.739194
-0.499984
-0.231306
1.08987
-0.216286
0.766331
0.387896
2.95269
-0.102616
-0.245455
0.0382921
1.54483
-1.49539
1.16113
3.38733
-2.3762
-1.31945
-0.495819
0.320954
0.443497
-2.3013
-1.31813
0.594713
0.0542529
-1.72924
-0.0590872
0.050832
0.653869
0.0999258
0.0117619
-0.595577
-2.55702
1.74192
0.764255
0.964391
1.041
-0.926496
-0.221676
-0.215535
-2.80887
-1.18875
0.821492
-0.517628
-0.395965
0.838126
0.306513
-0.751809
-0.726324
0.144679
0.418467
-0.0515691
-0.510083
0.107559
0.574036
0.51996
1.56798
-0.453845
-1.10759
4.1566
1.76545
-0.749875
-0.57323
0.915779
2.08449
3.09672
0.637434
2.37175
0.387247
-0.00138493
-1.94051
1.59498
1.32737
1.2823
-0.0274228
-0.164748
-0.436915
-0.18295
-1.23392
0.681795
-4.9963
-0.984718
-1.54189
-0.244962
-1.48871
0.190428
-0.275374
-0.322076
0.0961102
-0.096399
-0.991587
-1.48815
0.819177
0.85454
0.921663
-1.86016
2.97733
0.514316
1.62905
0.438581
-1.69896
1.07471
-0.239926
0.182308
-1.17112
3.93194
-1.19613
0.228341
-0.503546
-0.675854
3.39288
0.182134
-2.13067
2.80172
-2.48515
-1.79857
0.61429
0.0392943
0.688439
2.95189
3.93397
-1.91709
-1.89377
-1.17083
-0.191347
-0.793156
0.232418
-0.00550172
-3.40755
-1.39814
0.253455
1.18959
-1.15083
0.669748
0.976004
-0.801787
-0.101345
-0.686862
0.701648
-0.87768
0.274167
2.49824
0.547071
0.157874
-0.41961
-0.0285814
-1.16656
-0.142434
-0.150611
-0.426417
0.438104
0.493085
0.25805
-0.129825
-0.839284
3.92213
2.4858
3.59959
-0.329059
-2.6595
-1.0976
-0.432276
-2.33772
-2.42347
-0.719273
0.0163627
2.10304
-0.38053
0.382404
0.214491
1.36797
0.741887
-0.932235
-0.935671
0.0526192
-0.539457
1.9958
0.705323
0.0650127
0.164618
1.56574
-0.556319
0.694063
0.789545
-1.92282
-0.583879
1.57608
0.227149
-1.14597
0.757429
-0.533166
4.67151
-8.02943
-3.86155
0.77304
-0.0253585
2.72371
-0.0568882
-1.95762
-0.0108733
-2.77632
-0.152577
-2.01927
0.556791
0.03018
-0.358694
-0.0550269
-1.96085
-1.0075
0.494565
-1.24658
-0.54621
-1.15493
0.308709
0.197893
-0.355901
1.21222
0.910183
-2.32064
-1.71759
1.26211
-0.131611
3.5323
-0.0519533
0.0508915
-1.42364
-0.389607
2.18675
0.546004
-0.107059
-6.26101
0.661522
-0.0709854
-0.0152163
0.711991
0.138298
-1.5997
2.82525
1.23385
1.93079
-3.12942
-1.17786
-0.981291
-2.86539
0.558491
1.01905
0.975033
-1.24387
-0.62633
0.539327
-0.272901
-0.288013
0.645999
-1.92184
0.581308
-0.143825
-1.64704
-0.37142
-2.61125
-0.456906
-1.83843
2.48974
0.398746
-1.12656
-0.311802
1.12628
0.0157085
1.71127
-0.541855
-3.84369
-0.520509
-1.06924
0.396167
-0.885852
-1.31943
-1.3041
0.199938
0.645555
-0.944184
0.625476
-0.626219
-2.01157
-0.347064
0.574753
0.0690503
-0.0461284
-0.532657
0.283434
0.0100616
1.04864
-0.0852445
1.09605
-0.187525
-1.33753
-1.55639
-4.02968
1.99408
-5.01842
0.955495
4.68657
0.311024
-0.0323682
3.46101
0.793582
-0.739704
-2.07539
-3.70901
0.0257288
0.478227
-0.157926
0.230611
0.0460728
-0.424626
0.0582934
0.808918
-0.592671
1.64378
-0.207229
-0.510788
3.21692
-2.29622
0.880282
-1.18707
-0.525962
-2.83039
3.61213
1.52863
0.695073
-1.15696
1.90952
0.112974
1.09243
0.68699
-0.385271
0.326018
-0.311
-0.499298
0.296555
0.279108
-0.559596
-0.36418
2.26557
1.05376
1.72673
-0.464282
0.750475
0.725942
-0.77086
1.00487
0.0132111
1.12573
0.0158353
0.802066
-0.736763
1.12524
0.0342118
0.568627
-0.394302
-0.33292
-0.506631
-0.886405
-0.462201
-0.858847
0.531566
2.56177
-0.854803
4.72244
0.231605
-1.53166
0.260331
0.923836
2.4644
-4.11073
3.2166
2.16557
-1.01664
-1.2579
-2.11714
-0.00380063
3.61923
-0.240352
0.796227
3.60042
0.462947
0.355696
-0.148526
-0.782368
2.44431
0.787904
-0.433657
-3.02767
-0.00927714
-1.74425
3.451
0.330309
0.194023
-0.39105
-1.09892
-0.127221
0.101157
0.949438
-0.204164
-0.500348
-0.433682
0.24934
0.159992
-0.382497
3.5529
1.75328
-1.97028
1.26584
0.401999
-3.60296
2.39021
4.50082
1.38596
-0.244295
0.85247
-2.1873
0.0428272
1.91621
0.303514
-0.393102
0.324429
1.21311
0.115686
0.574074
1.85648
0.428203
-0.0625909
0.639702
1.21208
0.303603
0.508372
-1.21174
1.70761
0.745795
0.590548
-0.73581
-0.857305
-1.46488
1.36737
-1.32653
0.0651769
0.0818843
-2.07902
-0.985537
-1.01171
-0.872633
0.937992
-0.759985
0.617038
-0.00522987
-1.74093
-2.73631
0.930687
-1.5951
0.504649
-0.160265
2.9339
-0.599602
-0.328334
-0.0225514
-0.985008
-0.0466598
0.0405287
0.123903
0.509505
-0.5166
0.554701
0.0975127
1.86233
-0.893818
-0.737102
0.811599
3.15718
0.297615
0.303943
0.661814
-3.51813
0.600887
-1.83933
-0.918828
0.201458
-0.859366
0.433645
-2.08377
-0.221622
-0.248331
0.343645
-4.761
-1.07155
0.540266
-1.14786
-0.140216
2.53837
-0.497367
0.346247
-0.781472
-0.359097
0.613681
-0.903657
-2.6112
-0.430615
0.168558
-0.402065
-0.627196
0.11011
-0.466418
0.14273
0.481499
0.394202
-0.330111
-0.120174
2.6353
0.476407
-1.96969
-0.0200238
-2.74531
-1.65377
-2.73388
-2.84855
0.230073
1.36786
-1.05481
-2.05305
0.917599
-0.146597
-0.76315
0.47308
-1.86633
1.54928
-0.410106
0.00958071
0.39888
0.58247
-1.32173
1.66055
-0.0285778
2.97299
-0.461203
-0.751161
0.628502
-2.22377
-0.0831904
-0.0135162
0.459452
-0.143623
1.10376
0.135042
0.816253
0.8144
0.98445
0.336401
0.451669
0.439272
1.73295
-0.295209
-0.997567
3.16254
-0.0495543
0.452114
1.60507
-0.940466
-0.915245
-2.70116
-1.63371
0.479559
2.24305
-0.165279
0.376187
-0.742269
-2.67784
0.926926
0.392397
0.517257
0.32221
-0.304769
0.55768
-0.118261
0.31532
1.50931
-3.54925
1.35329
-0.755639
2.12229
0.284367
-0.0103576
-1.44797
1.1567
-2.05143
-0.398471
1.10988
-0.080788
-0.591534
-2.83456
-0.651136
-0.395663
-2.11014
-0.837297
0.661657
-0.849499
1.32243
0.266353
-0.369345
0.428029
-0.247831
-0.0682753
0.762082
0.132468
2.1796
-1.386
1.6211
0.735787
2.08426
-0.331657
-0.85309
-0.276934
-0.91966
0.858705
0.211803
-0.293227
0.0481409
2.19056
-0.501087
-1.86926
-1.99249
1.03975
0.236946
1.42245
0.047327
-0.941813
0.565408
0.364496
1.39185
0.0174054
-2.53144
0.625878
1.92073
-0.0488692
1.41485
0.702289
-2.37081
2.96599
-0.329856
-0.0101634
0.502433
-0.764558
0.544369
-0.271014
0.165297
0.851281
2.34385
-1.73152
-0.17445
0.0113114
0.0370074
-0.173129
-2.94136
-0.998932
-0.555507
0.692426
-1.99974
-1.28518
-0.0654539
1.85517
-2.43247
0.101803
1.686
-0.75529
-1.15161
-0.107982
-1.06573
2.46833
-0.245873
1.81201
-0.896721
-0.0382339
-2.05698
-0.298139
-2.10222
-0.449606
2.14358
0.579628
0.955543
-2.63622
-0.404253
0.303562
0.362302
0.193172
-0.626969
0.800433
-0.695598
0.994092
0.348868
-0.433201
0.246558
-0.803349
-0.559058
-0.411075
-0.380291
-0.197413
-1.3397
1.79731
0.41705
0.64843
0.300986
0.510887
0.266944
-1.569
-0.287837
0.139463
-0.332828
0.385094
0.289049
1.41314
0.873826
2.19896
-0.96894
-0.00279092
-0.498002
-0.392299
0.607757
0.272189
-0.169428
0.513655
-1.42111
-2.0617
0.540857
1.8241
-0.344148
0.132743
-0.954434
-1.83053
1.2177
-0.0377109
-1.59726
0.235915
-0.407322
0.638899
0.570736
-0.265069
-0.71943
0.136334
-0.276894
-0.414236
0.498103
0.32139
-0.317719
-4.02771
0.633661
-0.685189
1.18982
1.08532
0.0354304
0.140852
0.373092
0.0605763
-0.0522043
-2.50327
-2.4946
-0.0886701
1.15167
-1.81549
0.0012853
0.901404
0.112709
-0.601292
-0.0358743
-0.467542
0.578476
-0.440194
-0.822794
-0.559347
-0.315478
1.52497
-0.146862
-0.14085
-0.276197
0.0287571
0.407209
-0.476711
-0.895027
0.000144856
2.35977
-2.95459
0.755176
-2.76008
-2.71893
0.189454
-0.385842
1.05861
-2.04552
-2.75352
-0.481073
-1.34255
-0.0275561
-0.570748
-0.194006
0.0669056
0.524158
-0.574631
0.964304
-0.0163759
-0.799188
-0.706495
-0.739031
-1.18979
1.0766
-0.709705
0.874249
-0.327452
0.361342
2.07651
-0.478281
-1.28376
-0.390371
-0.317571
0.739566
1.76338
0.147388
-2.83151
-2.43408
-0.871523
-0.275465
-0.0476564
0.241771
-3.53437
2.36373
-0.454693
-1.48746
-0.404264
-2.6671
0.267236
-1.08244
-0.994085
-0.00429375
1.60908
0.352583
-0.858992
-1.33532
-1.3902
-0.768548
0.904868
-0.428973
0.246052
4.28304
-0.251271
1.58124
-0.191671
-0.345651
0.154768
0.262093
-0.077115
0.0505382
-0.750723
1.18437
0.17614
-1.04565
2.24338
0.42295
-0.174447
-0.552843
-3.95457
-1.39503
0.0136247
-0.0635489
-3.35844
0.0161589
-0.887683
-0.766862
-1.09729
-1.59607
1.68275
-1.09599
0.0594511
1.10895
-0.171246
-1.16237
0.11901
0.215009
0.284538
0.354957
0.230619
-0.406357
-1.05873
-0.478072
-0.308844
1.78443
-2.43593
0.796897
0.961384
-0.0508617
0.276446
-1.28903
0.784576
0.30938
-0.614023
-1.85244
-0.953622
0.855506
-1.3237
-1.48797
-0.221745
0.0851857
-0.180053
-0.572439
0.672936
0.027438
0.6004
0.387165
0.843549
-0.236533
3.18341
-2.02641
0.340344
0.371304
-0.27364
0.317633
0.906925
-1.29897
0.0175924
0.28428
1.66467
-2.0357
0.580093
0.617449
-0.639217
-1.11733
1.88551
-1.20782
-1.42183
-2.27805
1.28793
3.56246
-2.46496
1.21384
-0.993154
-0.351225
-0.769148
0.208465
-1.25587
-4.56706
-1.61356
0.212284
-0.778822
-0.0534108
-0.0806529
-0.370798
1.89207
0.0976538
-0.0660873
-1.06444
-0.551475
1.90989
0.577776
-0.899189
1.21906
-0.31963
-2.18344
1.92151
0.758512
1.25404
-1.2522
-0.935582
0.0624987
-0.616385
0.224816
-0.896526
0.456375
0.372414
0.196717
1.18347
-2.13799
-0.22679
0.332644
2.22712
2.14522
0.105269
3.76764
0.382925
0.167459
-0.614231
0.0651708
0.17576
0.392453
-0.943262
-4.29962
1.23085
-0.106087
0.61254
-0.508118
-0.0903793
0.921659
-1.01913
0.798908
-0.331131
-0.71133
-0.349156
0.332288
-1.55308
1.50084
1.28366
-0.298163
-1.25209
0.483485
2.38128
-0.357721
-4.84304
-1.71427
2.77653
-1.27746
-1.13655
0.36337
0.467109
-2.02095
-0.646317
0.844216
1.12097
2.2613
0.0436619
-0.17549
-0.343951
0.749201
-0.584898
-1.12458
0.382933
-0.778271
-0.462633
0.198315
0.678877
1.26453
-2.11734
0.520681
0.075519
0.744499
1.08188
-0.0268616
0.101435
-0.302963
-0.719382
-0.109583
-0.482866
0.00722726
1.47443
0.107987
-0.273056
-0.627938
0.88198
-0.368058
0.461439
-0.0300867
1.28642
0.362502
-0.53528
-0.482021
0.140834
-0.337178
3.10372
0.0808713
-1.17118
1.67149
2.45382
1.52042
-0.221624
0.00141261
1.18418
1.18328
2.09367
0.261035
0.914913
-0.168162
-0.76537
-0.426295
-0.713924
1.53226
-1.40908
-0.741943
-1.82503
0.312648
-0.780847
-0.940371
0.757442
-1.15559
0.694569
-1.54005
-0.249144
-0.314682
0.413064
-2.73872
-2.35442
-0.494204
-3.60873
-0.386684
-0.332395
0.635352
-1.84756
-0.0629268
-0.317019
2.84805
-1.18056
-1.40317
-0.218203
1.21144
0.540677
-0.139153
1.42955
-2.17847
-1.40572
0.559885
-0.495572
0.75936
0.222635
0.268407
-0.166234
1.07219
0.00870445
1.47171
-0.537298
-0.251398
-0.738433
0.646325
0.77785
-0.225479
0.621268
-2.14074
0.696109
0.144057
-1.43244
-1.40946
-2.27005
2.76361
-0.149468
-0.548377
0.47918
1.29465
1.89703
-0.0269829
-1.34974
-0.0154433
0.118423
0.69739
0.159155
-0.46377
0.816156
1.557
0.380007
0.310327
-0.441825
-0.799764
0.0622604
-0.39439
0.970976
-0.265488
3.20424
2.3771
0.0833273
2.70517
0.039279
0.0668974
0.180003
1.26054
0.687559
-0.950224
-0.00361588
-0.453129
0.673036
0.973008
0.0870172
0.0367286
1.23979
1.96435
-0.299706
-0.288371
2.39899
-0.0323755
-0.375075
-0.000795059
4.64239
-0.377461
-0.760133
-3.05856
0.264956
-2.8193
0.777997
-1.58359
1.61522
0.556494
-5.26047
-0.907402
-0.296294
2.08851
-0.900181
-2.76195
0.225315
-0.020472
0.714496
1.36453
-2.28559
0.0860513
-2.29559
-0.603683
1.09158
-1.03852
-1.10946
-1.49707
-1.34424
-0.195224
-0.233864
-3.9746
1.83258
-0.446113
-1.20807
-2.06607
-0.0934553
0.4405
0.0285114
-1.31342
2.28352
-0.779396
2.45628
-1.18397
0.194218
0.231459
-0.222295
-0.116619
0.571603
0.120138
0.806699
-0.561966
-1.85333
0.369422
-0.218143
2.37956
-0.177702
-2.734
-3.90622
0.622483
-0.320029
-0.192607
-0.139557
-1.11186
-0.581796
1.45283
0.31005
1.77765
0.956028
-1.16836
0.0632931
-0.241241
-2.16171
0.500541
-0.183632
1.35042
0.879958
-0.982795
-0.542928
0.936794
0.941282
-3.24312
0.114461
0.152107
-1.28242
0.402954
4.29077
-1.91143
1.20392
1.22594
-0.221033
0.0786973
-0.237856
-0.173556
-2.84428
-0.897778
-0.439812
2.18563
-1.49851
-0.565106
0.423499
0.425054
0.108335
0.303937
-0.614011
0.158129
-1.03875
-0.386224
1.07698
2.31198
0.83888
0.0472362
0.479887
-2.7824
1.50111
-0.143993
-2.32071
0.0431732
-0.921737
0.0578925
-0.466434
3.08017
1.33095
0.577335
-4.12547
0.622568
1.82728
-0.191291
0.23942
0.464212
0.659258
-2.83654
-0.00926499
-0.462129
0.227559
1.12813
0.212841
-0.429287
-0.198343
-2.18168
1.28994
-0.0435032
1.46125
1.86543
1.22096
-0.693219
-4.42263
-1.59681
-1.72608
-0.0901175
-0.0661202
-0.783959
0.729921
0.0936213
-2.66106
0.398353
-0.0547019
0.141345
-0.588242
-0.0127906
1.20503
1.87856
-2.1157
0.227655
1.9622
0.275087
-0.866373
-0.447496
0.582475
-2.13458
0.475115
0.674071
-0.00742115
0.87616
1.02502
-2.1449
0.0626854
-1.01849
-2.32059
0.253322
-1.02218
-0.830533
0.81214
-0.580381
0.366958
1.02332
0.143073
3.12974
3.15673
-0.739024
0.220567
1.76347
0.377023
2.56192
0.0607185
0.425126
0.242394
-0.0771173
0.307892
0.803262
-2.99651
-0.552568
3.86238
0.743871
-1.06326
-1.75065
-0.169611
0.676191
1.32956
-0.940623
0.226693
-0.339904
2.26338
1.38215
-4.7573
-0.0272769
-0.296198
0.492607
2.70725
-0.471569
3.68759
-0.543198
2.26283
-0.714878
0.0037719
2.75159
-0.810025
0.572783
3.22969
3.59267
0.157876
1.08007
-3.93468
-0.562068
0.0440406
-2.55975
-0.523512
-0.410674
2.70899
-0.282757
-1.62686
4.11433
-2.07709
0.209367
-0.902393
-0.306256
-0.692557
-1.13409
0.3406
-2.28674
-0.688098
-0.484416
-0.403205
-0.415166
0.0436065
-0.133945
1.25237
-0.52751
0.468884
-0.260193
-1.61972
-2.76882
-0.111316
-0.917102
0.546718
-0.465236
1.74459
0.124219
1.75021
-0.95595
0.0123976
-0.607826
-1.44002
0.209147
-1.44663
-0.324464
0.562948
0.803985
-0.837049
-0.0157304
0.338066
-0.176203
0.452963
0.517731
0.575093
2.76055
-0.177187
-0.180568
-1.12877
-0.731847
0.851941
0.32584
0.344325
-1.99022
1.12631
0.16613
1.68075
-1.24591
-1.51681
0.132381
0.847491
-2.09829
1.65323
1.42764
0.686307
-0.136694
2.51244
0.287741
0.728522
1.4136
0.681549
0.612559
-0.479188
-0.537722
0.977234
-1.22751
1.17419
1.90317
-0.0301325
2.02914
-0.622388
-0.0927104
-0.300519
-1.37106
0.129896
-1.26827
1.56751
1.86008
-0.0474832
-0.329511
-4.01205
1.10807
-1.14642
0.605358
0.273018
-0.150276
-0.201584
-2.44526
-0.962561
-1.11989
-1.58601
-1.44025
1.88102
2.43951
-1.54139
-1.03239
1.16279
0.31134
-1.05126
-2.09943
-2.19941
-0.0860512
0.684435
-0.921924
-0.817095
-0.0813683
-0.331992
-0.0337957
0.28179
-0.371492
-1.06865
-0.437935
0.252957
0.835472
1.51548
-1.60979
-0.0807733
0.930736
-0.225784
1.81573
1.42391
0.600108
-2.56924
-0.204024
3.34727
-0.524105
-0.1189
0.714853
-0.759195
-1.19194
0.671037
-0.668218
0.704951
0.625986
-0.45548
-3.65121
-0.113212
-1.02274
1.24549
-0.438527
0.468753
-0.978491
0.56905
0.159956
2.58089
1.08887
0.973207
-1.74454
-1.16277
-0.513107
-1.21568
0.269959
-0.0845178
0.413576
-1.80655
0.158127
0.889486
-3.38887
0.382509
-0.573572
0.412851
0.430017
-0.542596
-0.0684048
0.986483
2.49601
0.301701
-3.08891
-1.48496
0.0716609
2.44757
-1.75425
-0.490594
-0.139124
-0.806064
1.38277
-0.423768
-0.188542
3.6774
-0.479267
-1.62411
3.24957
-1.13737
-0.571639
-1.28511
0.964709
-0.0360557
-1.44146
0.244836
-0.165736
-0.008057
1.95878
0.0247404
0.706336
-0.703817
-2.11048
-0.276434
-0.55854
-1.34082
0.575485
-2.58163
-1.45085
0.312
0.965818
-2.85336
2.19997
0.498251
-2.62228
-0.423144
1.72273
0.174905
-1.75253
-2.21035
-0.525552
-1.08293
0.143871
-0.496377
0.0671383
-2.12031
-1.25041
2.09646
-0.25143
-0.0634763
1.2795
1.10336
0.939383
0.504376
-1.28317
0.330465
0.0544055
2.02679
-0.427721
0.178856
2.04128
1.77257
0.366842
-1.35772
2.06836
-0.434656
0.0667238
0.275421
-0.348268
0.56181
0.179514
0.957825
0.469862
-5.98837
0.801734
0.25137
1.04982
-0.932218
1.57938
0.00203742
0.316544
-0.511961
1.11496
-0.881674
-2.62732
0.386431
3.95661
-0.810409
0.402675
0.53702
-1.85611
0.441981
-0.474263
-0.0264378
-0.0178876
0.189272
0.478211
-1.16197
-4.03417
-0.192535
0.0512511
-0.036907
1.26774
1.24118
0.852859
0.113025
-1.7588
-2.41033
0.641254
-2.41688
3.24372
-0.876469
-0.985394
0.274698
0.228386
0.342995
0.376597
-0.318523
4.45068
-1.15459
-0.264999
-0.807076
0.234502
0.960122
0.00116475
-0.497688
0.314217
2.1448
3.93865
0.591476
-1.34899
-1.44327
0.32075
-1.70757
0.964103
1.66197
2.09663
-1.86619
-0.0439923
0.889786
-4.30314
0.371581
-0.339791
0.217194
2.39242
-1.04829
0.0126007
0.0263679
0.800957
-0.462857
1.1582
0.149837
-0.388194
0.104558
-0.877258
2.25887
-0.436715
1.42237
-0.457653
-0.96917
-0.645845
-0.380934
0.976384
0.852319
0.484948
-1.32431
-0.0449213
-0.765228
1.88024
-0.696462
0.46707
3.4942
0.0205704
-0.350211
1.06747
-2.25773
0.575245
-0.0620943
-0.0933496
-2.14579
-0.274455
-0.730827
2.57361
-1.33747
-0.224179
0.566997
-2.26901
-0.580186
-0.409725
-0.641318
-0.448687
0.218955
1.58393
0.113667
2.40499
-0.0121413
1.76273
-0.963182
-2.38787
-0.557097
0.203407
-1.18064
0.076176
-1.11447
0.271461
0.220286
0.823519
-0.416475
1.85229
-0.619929
-2.91604
1.19923
0.246109
-0.20873
0.909806
0.270376
-0.821326
-0.245919
0.0208405
-0.074197
-1.51083
-0.337849
-0.371871
1.48296
-0.390351
0.104267
-1.7462
-0.813545
-0.0370571
0.988997
0.449695
3.06797
1.24428
0.241111
1.78462
-0.445396
-1.51273
-0.101966
-0.993535
-3.64047
0.904885
-0.415455
0.599083
2.11312
0.393045
0.339757
0.402716
2.17425
0.565517
-0.164116
-0.187949
-1.18871
0.0216645
-1.44745
2.28243
-2.05285
0.026269
0.490115
4.36493
-0.570324
-1.65689
2.01719
-0.829882
0.0669963
-0.278103
0.523602
0.100484
0.209166
-0.250307
0.927777
0.710142
0.743408
0.926443
0.461624
1.68404
-0.40646
0.178368
1.93343
-0.649282
-1.3783
1.39683
-0.0715025
1.71332
-0.773207
-1.16833
0.586237
-0.0302559
-0.360221
-0.60341
6.5406
0.384079
2.06873
1.07098
-1.39199
-1.38383
1.45858
-0.417337
2.32963
-1.97628
-0.783243
-0.230229
1.27075
2.94139
-0.248728
0.514673
0.136089
1.23726
-1.34471
0.216138
0.405856
-0.771478
1.4833
-1.0082
-1.16015
-0.322092
0.249337
3.53165
0.595454
-0.0204413
-0.482584
-1.35153
-0.647708
-0.279009
-0.535688
0.149292
-0.959428
1.21613
0.756662
0.438998
-0.429633
-0.248983
-0.0790827
-1.14405
-2.05506
-1.27518
0.621936
2.58006
-0.446621
0.952254
-0.821301
0.645667
1.87423
-0.827938
1.42407
-1.55128
-0.103872
0.345232
0.24934
0.1952
-0.882285
-0.0351086
0.268208
-3.416
-0.681414
-0.189232
-1.11179
-0.454892
0.260129
1.86387
-2.69104
1.25339
1.69766
-0.0958393
-0.951889
0.0151404
-0.569874
-0.99345
2.49689
-0.494472
-0.128725
-0.80107
0.160609
-1.31764
-1.10264
0.632089
0.0833357
-1.39036
1.79717
-0.69178
1.80005
1.58615
-1.4267
-0.438415
-0.796165
0.0959578
-1.08618
0.360842
-0.102516
0.699328
0.0504059
-1.32749
1.83049
1.11937
-0.660672
-1.87594
0.0247823
-0.381036
0.859088
-0.750797
0.0256542
1.22351
-1.12288
-0.826322
-0.774124
-0.123905
-1.40768
1.59254
-0.858323
-1.25728
-0.405795
3.8802
2.09984
0.531904
-1.38526
0.257336
1.1519
-0.246479
0.73637
0.00755856
1.49474
0.771938
-0.0793987
-0.430729
0.383169
0.144695
-0.246077
0.0867239
0.89668
-0.161549
-0.273602
0.408028
0.741925
1.67273
0.405985
-0.839901
-0.389751
-0.909482
-0.618964
-0.607326
-0.0994142
-0.421152
0.285029
1.25597
-0.0123176
-0.00498183
0.201019
0.0711994
0.0798761
4.68238
2.45289
1.27899
0.542015
-1.99935
-0.0930546
-0.512199
-0.100621
-1.68068
-0.0533297
0.82854
-1.67517
-0.699777
-1.1772
-0.620465
-0.17122
-0.253974
1.11592
0.694803
2.42801
3.57887
0.534182
-0.835051
-1.12753
-0.896577
0.790154
0.709188
-0.274433
1.25386
-2.05504
0.886512
-1.30071
1.37061
2.77767
1.28442
0.327459
-0.607725
1.04646
-3.72686
1.00778
1.14342
-0.951947
-1.55876
-0.174247
0.715281
-1.07456
-0.99435
2.05295
1.91806
1.03008
-0.223395
0.283231
3.21659
1.20179
0.208349
-0.337457
0.0459797
0.0382789
0.879157
-0.407443
-1.52845
-2.43878
0.817853
-1.97652
-1.26285
0.488779
-0.473764
-0.157532
0.417538
-0.0428168
2.87889
-3.53186
-0.894879
-1.42238
0.19479
2.79636
0.35451
-0.741586
-1.45895
-0.0293402
-0.21279
-0.0660353
1.40772
-2.12922
0.578141
-2.23751
0.51081
1.54993
-0.39969
0.174845
2.0393
-2.18821
4.55054
0.378182
-0.275372
0.715051
0.555878
0.94429
-0.106243
-0.136002
0.928714
0.627612
1.56051
0.0427373
1.24173
-0.281046
0.618024
-0.628112
2.41006
-0.152593
0.549637
0.645074
-1.1675
-0.336092
-0.868825
-0.13105
-0.388618
0.138092
1.92456
3.38493
-0.208644
1.21965
0.999212
-3.30658
5.64892
1.32814
4.2015
1.41663
-1.20828
0.444325
-0.825485
1.41847
-0.289588
0.202216
-0.319193
-1.42162
0.317334
-2.25603
2.00167
-1.06613
-2.37501
-0.177187
0.828886
0.676924
-0.152548
0.303039
1.00757
-0.481384
1.66478
0.402948
2.29819
-0.127034
-2.86317
1.00218
1.86981
0.49698
-2.52119
1.1161
0.466612
-1.7862
1.31608
-0.123748
-2.6357
4.06326
0.462384
-1.23071
-0.229255
-0.0951152
-1.78758
-1.57101
-0.880215
0.488638
3.56088
-0.00514294
3.53129
1.7962
-0.435063
-0.399121
0.448443
0.355034
-0.0369542
1.57998
0.373264
0.252642
-0.356887
-1.6178
-0.403793
1.01717
0.77609
0.395581
-2.01329
-0.404076
-0.36304
0.123983
-0.06221
-0.630181
0.0601492
0.900421
-0.194876
1.18194
-3.77801
0.965434
-2.0675
-0.953946
-1.59192
-0.278992
0.969843
-2.17441
0.186652
1.00393
0.789906
-3.58065
-0.4055
-0.577619
0.292655
-1.78429
0.893193
1.5062
0.0295715
2.86118
-0.169754
-0.489031
-0.326132
1.57806
-1.50049
0.753684
-0.456108
0.0221691
1.09844
1.83602
-1.52162
1.12449
2.19392
-0.188028
-0.250941
0.529859
-1.12789
2.16054
0.141913
2.5268
1.31515
-0.59287
0.144805
1.0618
-2.02189
0.0239132
1.69957
-0.542849
0.147966
-1.23663
0.730865
1.32038
1.40803
1.63486
0.298472
0.194279
-0.871994
-0.272268
0.242429
0.634755
-1.91203
1.23958
-2.11436
1.51714
-0.525276
-1.10218
0.582657
0.0143699
0.867412
-0.161186
0.585015
0.429502
1.20231
0.563609
-0.709311
-0.490288
-0.844234
0.313961
0.223658
0.0548769
0.22173
1.01537
0.559282
0.31552
-1.05223
2.04103
-0.60355
1.00301
-0.741435
-0.642676
-0.384501
-0.501396
0.169171
1.40265
1.00029
4.4093
-0.724059
-0.30364
-0.529925
-1.90324
0.965955
0.76841
-0.559923
-1.46395
1.13427
0.143216
-0.273861
-2.80097
0.882869
0.142335
1.05112
-0.251423
-0.464985
-0.855231
-2.26264
0.139845
0.266256
-1.30713
0.308536
-1.26179
1.85403
-0.671863
-0.231395
-0.104485
-0.128606
-0.00791103
0.213588
0.623655
2.15651
0.77433
-0.0461418
0.670826
-0.391345
-0.114505
2.04301
3.6863
-1.18618
1.27197
0.994431
3.55875
0.166368
0.208219
0.333543
0.00948024
-1.72248
0.460742
-1.43322
-3.101
4.55995
-0.758234
-0.167821
0.778079
0.122445
-2.60755
-2.49475
-4.13177
1.7556
0.67138
-0.521031
1.66016
-0.372663
4.51617
-5.66115
-1.30939
-1.12536
1.51465
-0.594948
1.96411
-0.245669
-0.691771
-1.65086
-0.538805
-0.711316
-2.15945
-2.82541
1.52771
-0.584732
1.25342
0.21505
-1.20274
0.194801
3.28821
0.103264
3.35797
-0.727345
-0.307081
-0.402264
0.23067
0.535842
1.15453
0.182957
-0.217173
0.139384
1.08539
3.41535
0.671888
-0.30061
-0.921648
-1.89509
0.553539
-1.17571
0.659991
-0.0194705
0.0753527
0.145491
2.01926
1.18392
0.0752575
-0.616196
-0.338996
0.466197
2.72465
-0.116668
0.231158
-0.138463
0.834549
1.97211
-4.62648
0.353263
-0.110421
-0.37105
-0.802162
-0.422733
-0.834349
0.657435
0.0165241
-0.57173
0.273606
1.60684
-0.810222
0.854843
0.755568
0.449946
1.80746
-2.6849
-0.909217
-0.31331
-0.031096
-1.32518
-0.722972
-0.238787
-0.298787
0.0343765
-0.229626
-3.28016
-2.02428
-4.13556
1.55
-3.5941
-0.106027
0.773829
1.64416
1.00371
-0.151759
-2.04752
0.973368
-0.703113
-1.03881
-0.659481
-0.615582
1.49635
0.905243
-1.04393
-0.226036
-0.0673641
-0.407007
-0.709665
0.662974
1.22251
1.08852
-0.719602
-0.601241
-4.58863
-0.680801
-0.243939
-0.556894
-1.75737
-0.133798
1.07316
0.532316
-0.226922
-1.08985
-6.29027
-1.38374
0.419499
2.34431
-0.353879
-0.0766775
-0.529833
4.41009
0.00692025
-0.0190084
1.7512
0.0234475
-0.899576
0.309657
-1.20047
-0.0150807
-0.270646
-1.01316
0.117596
-0.4343
-4.23062
0.105559
-0.644954
-0.0359871
0.677705
-0.584619
-0.110304
-1.25179
0.696941
-3.61459
-2.54292
-0.633974
0.349667
-3.65463
0.439214
-0.375975
-0.837651
1.99075
-0.0299291
-0.266673
2.08913
-0.525477
0.00350449
0.0431382
-3.00497
-0.611054
-0.0139795
0.734149
-1.84629
0.202946
2.3339
1.02491
-0.144295
-0.39705
2.04504
-0.171991
-1.57031
0.399879
0.550872
-0.464334
-0.120861
0.454746
0.99804
0.661752
1.11294
1.07955
-0.504745
-0.507013
-0.77184
0.238137
-0.13288
-0.104801
-0.685227
-3.27528
-0.201037
1.90127
0.314774
-2.1832
0.55598
0.475751
1.81958
-1.37124
-1.36091
-0.533788
-0.174349
0.254826
-1.92961
-0.438894
1.48781
1.38672
0.108755
-0.612532
3.10997
0.357406
0.0316692
1.65023
0.370498
-0.318753
1.05308
0.258293
-2.67866
0.665676
0.0185792
0.376989
-0.176486
-0.365966
-0.75432
-1.85989
-0.143152
2.74021
-1.6492
2.13605
-1.16087
-0.474287
0.506694
0.800289
-0.677885
3.31796
-0.555327
0.361331
0.0273171
-0.821907
-0.851375
-0.0628504
0.132571
1.65192
0.447914
0.625238
0.427935
0.193719
-1.70882
-1.40786
1.52469
-0.873861
-3.03221
-0.298338
0.391784
0.525972
-0.438424
-1.21716
0.334207
0.293152
0.330616
0.758318
1.09432
-1.74395
3.52094
-0.582256
-0.447746
-1.37368
-4.02648
-0.195553
-1.99895
-0.238454
0.0389958
0.144287
-0.564272
0.124127
0.470822
-1.12942
1.50335
-2.16871
3.34337
1.59577
-0.345815
0.454419
-1.15632
-0.588204
-0.110364
-0.00710708
-1.19613
0.0345375
3.24298
0.226098
-0.0988018
0.0167459
0.686744
0.358191
0.904206
-0.307647
-0.461539
-0.357623
-0.830814
-0.0182443
-0.352445
-0.259241
-1.29273
-2.40307
-0.948374
-0.0950963
-1.3871
1.14134
-0.0104238
-1.00563
-0.361283
-0.128443
0.988312
1.19813
-0.872391
-0.949896
0.357268
6.23425
-0.208818
-0.583287
2.17979
-0.0435805
0.450917
0.93996
3.46547
0.115193
-0.8812
-1.40254
-2.97002
-1.47947
0.226249
-0.0980301
0.881503
-2.55216
0.142399
0.240153
1.52385
-0.0118603
-2.06587
-0.0618468
-0.250997
-0.929702
0.350686
-1.15502
0.290418
0.737833
0.98244
1.75162
-0.532188
-0.0815952
-0.864106
-0.23381
0.57796
-0.168918
-1.25026
0.321889
-0.488122
-0.287709
-0.122723
-2.38767
-1.12571
0.60368
-1.28225
0.558956
-0.126699
0.407462
0.165886
2.2314
-1.48692
1.26646
-1.71146
1.40349
0.359606
2.73164
1.27965
1.25447
-0.265143
0.491298
0.399399
-0.10912
-0.113623
0.755138
-1.59318
-1.24229
-0.135495
1.6866
-1.32212
1.4424
-0.0571534
0.243968
4.02585
0.0127356
0.314564
1.45844
-0.0390003
-0.0611782
0.246724
-0.0292855
-2.79362
0.813442
2.81833
1.11828
-0.488333
1.27365
-1.94346
-0.0970416
0.0827107
2.18835
-1.35177
-0.16842
0.410287
1.08426
-0.0320267
2.55759
0.466981
-0.402808
0.196535
0.28211
-0.294585
-1.93189
0.814545
-0.239244
1.6264
0.457632
-0.143522
-0.0143634
0.53479
0.592008
-0.00383846
0.00670182
0.430023
0.631537
-2.56534
0.311791
-2.5866
0.525729
-0.364114
-1.87624
1.20195
0.403982
-0.00202359
1.54041
-0.566001
-0.312507
-0.367503
-1.13301
-0.594895
-1.6014
0.760383
-0.299964
0.460199
-1.42893
0.197685
0.0210345
0.101964
-1.27403
0.794923
4.74553
-0.639303
-0.0842663
-0.571289
1.77366
3.68417
-1.76117
-0.783241
-0.0824168
-1.51718
-2.1892
-0.214463
-0.129637
-0.797364
0.0328429
-0.742429
0.307733
-0.596329
0.261524
-1.07565
-0.0707684
0.464626
-0.950385
-0.21689
-0.413882
-1.85671
-0.314263
0.952082
-1.76243
-2.54198
1.22923
0.627079
-0.539178
0.294899
0.752678
0.105139
0.235327
-1.83372
-0.0364033
-2.47913
0.500319
-0.165804
0.10476
1.9706
-0.603609
-0.959176
-0.71755
-0.617282
-0.508401
-1.35222
1.77595
-1.51755
0.144981
1.15916
-0.773327
4.02911
0.0620544
-0.553929
1.78022
-0.640141
1.86792
1.71643
-1.79618
-1.02382
-2.0613
2.33087
2.89202
-0.547651
-0.257023
-0.0537664
-0.610952
0.36869
-1.05485
0.466886
-0.238354
-3.12975
-0.048481
-0.440537
0.223823
0.496026
0.712796
-0.712515
-0.298392
1.2135
-0.837888
-1.23486
-0.391458
-0.0490556
0.109824
0.0497857
0.36124
-0.0836563
-1.65979
-0.0550036
0.747516
-0.189366
0.782218
-0.619793
-0.263639
1.57516
-0.287259
0.151578
1.79281
1.12387
-0.186554
-0.974662
-1.03943
1.06984
-0.0153969
0.991081
-1.3489
3.1231
0.899893
0.778552
-0.78649
0.669893
-3.38468
-0.415473
0.232983
-0.252004
-0.173066
0.0213716
-0.541857
0.27791
-0.0622167
0.312498
0.0689485
2.20333
1.80394
0.679449
0.598278
-2.06864
3.42609
-0.0964589
-0.99677
-0.336481
-1.63398
1.75429
-1.83435
1.7096
0.485543
1.44763
2.12342
-1.15373
-0.908331
1.19133
0.271911
-0.47479
-0.308677
-0.391379
-0.0225653
-1.68421
-0.947519
0.64079
-0.628063
-0.979504
0.097881
0.0899298
0.994825
-0.703288
-0.481765
-1.42261
-2.0296
0.149435
-0.00755793
1.28952
0.0118801
1.56288
0.142022
-0.425565
0.674872
-2.03524
1.01263
0.85327
0.771464
1.21168
-0.104183
0.528733
-0.608957
1.07114
0.532911
-3.40665
-1.08064
3.42048
0.415675
-2.55296
-1.26444
-2.01818
-0.604645
1.81972
0.120193
0.183034
-1.19507
0.551061
-0.694154
-1.328
-0.335832
0.115264
-3.34612
-0.611034
0.276827
-1.67014
-0.798818
-1.17552
-2.09739
-1.21273
2.23737
0.36849
0.313288
1.58693
-2.79175
-0.0489144
-0.893088
0.591355
-1.12672
-0.161771
1.31452
1.05149
-1.77015
-1.10134
-0.554919
1.71239
1.83068
1.95954
-0.156075
0.737901
0.692831
-1.42039
3.78171
1.45647
-0.840739
1.78431
1.62211
1.21022
-1.55747
1.01266
-1.6843
-0.299312
1.51088
0.415262
0.416969
0.0301846
-0.447582
0.499154
1.2233
-2.2344
-0.00754583
0.960448
-1.73984
-2.00483
-1.38615
0.519027
3.05382
-1.27047
1.08873
0.80259
-0.802363
0.416223
2.67085
0.654199
0.0694932
-1.24113
-1.76806
-0.394644
0.0206722
-0.048116
1.28429
1.65917
-2.99444
-2.26749
1.04581
-1.08959
-1.34781
0.0248676
0.744048
0.965421
1.05478
-0.355138
-2.97156
-0.00634257
-1.03734
-2.71439
-2.09427
-1.35483
0.370002
-1.75595
0.858349
2.5117
2.31279
-3.03885
-1.23647
-0.457901
-0.739788
-0.95759
0.140417
-0.654276
-0.261024
-0.771932
-0.261373
-0.036051
-0.683866
0.41845
-0.602542
-0.0970096
1.09116
0.353262
0.856697
0.474029
0.483355
-0.534868
0.813284
0.405084
0.946377
-0.906103
-0.0875103
-0.345029
0.0316243
1.48707
-0.347167
1.10839
-0.836067
-0.161649
-0.367979
0.280325
0.676247
0.662853
-0.449847
2.17859
0.906712
-2.50444
0.101836
-0.746873
-0.754709
0.793349
-0.599983
1.89624
0.16404
-0.700377
-1.13544
1.91262
1.45409
-0.404172
-0.430901
1.08545
-0.780065
4.17623
-2.11596
0.171438
0.65991
1.32793
-0.810841
-0.190627
-0.399611
-2.20475
1.07187
-2.95326
0.740682
1.77897
0.299986
0.538946
1.03559
0.0256698
0.0919039
-0.105354
0.273252
1.64259
-0.00976741
-0.494727
0.00316989
0.22282
-0.492503
1.15286
0.925688
-0.769523
2.62237
0.496115
-0.759636
-0.235464
0.82234
-0.843577
0.14188
0.948127
0.227534
-0.760518
-0.0941849
-0.177496
0.706741
-0.0237113
0.32108
-0.584257
-2.69329
0.921997
-0.222313
0.158304
-0.402601
-0.00337409
-0.0849075
0.393738
1.38205
-1.9551
-0.796776
1.76546
-0.163244
-0.102032
0.064243
-1.42909
0.762044
-0.407798
0.465971
-1.72948
-0.027452
-0.450506
-0.563798
0.246205
-1.07574
0.799827
-0.843448
1.79302
-2.67506
0.247622
-0.228536
0.104968
0.667501
-0.181758
0.478917
0.0151128
0.16165
3.42975
0.0516584
1.39409
-0.00673123
-0.254922
1.90627
1.05369
0.605158
0.948196
0.415108
-0.383865
1.08796
-1.61673
0.762208
2.38701
0.125768
-0.00914504
0.602502
0.380732
0.0449402
1.03703
-0.0563333
-0.456756
1.02832
0.11104
0.977924
1.15839
0.260372
0.433669
0.696939
-1.61452
-1.23417
0.356105
-2.94473
0.046733
-0.266918
-1.92868
-1.61174
1.43838
0.912885
-1.56892
5.62829
0.57932
-0.986745
0.482628
0.910967
1.17067
-2.22926
0.401302
1.32086
-0.24993
0.953079
0.325981
-0.107105
0.64236
0.571167
-0.934263
0.77572
1.56535
0.0010803
0.530347
1.48948
-2.03687
-2.63879
-1.51439
-1.4465
0.536382
1.65012
-1.28242
0.268252
0.964927
-0.192431
0.920427
1.47174
0.130503
0.630298
0.17298
0.200668
1.37765
0.259307
-1.27116
-0.997647
0.349307
-1.45108
-1.89243
-0.528189
1.05654
6.24177
-1.768
-0.315801
-0.807174
-0.896431
-0.679204
-0.234357
0.939799
0.113007
0.945663
0.572622
-0.703065
-0.732716
1.12128
-1.84323
-1.21977
0.430154
1.15716
0.975118
-1.19297
0.120547
0.457393
-0.0806607
-1.35313
0.207845
0.447478
3.13638
-0.649201
-1.41104
0.265529
2.0667
-0.568099
3.00198
-2.36445
-0.0344861
1.33327
-0.443885
0.93347
-1.18498
-1.00651
-0.842549
-1.68607
-0.385971
-0.265271
0.79317
0.403144
0.218575
-1.38912
1.38976
0.104631
1.81545
0.34623
0.851364
-1.87413
-0.0242235
-0.305373
-1.27445
1.71042
-0.0853205
0.903598
-1.32261
-0.341715
-0.00768277
1.85718
-0.171312
-0.788169
-0.366789
1.06536
-2.91483
3.1871
1.7909
0.831943
-2.43838
-0.743631
0.666524
-1.01391
0.278851
-2.03606
1.26267
-2.31811
1.61809
-0.0238146
1.74206
-1.17079
0.0575586
1.05076
-1.23271
1.41239
6.2612
1.95039
-0.481351
0.360668
-1.33254
1.52881
-1.07353
-2.62889
0.833943
-1.16052
0.381446
0.724884
0.0199786
0.0294177
-0.578177
0.687591
-3.39147
0.824129
3.0191
2.85809
-0.185094
2.19188
0.209493
-0.924545
2.79745
0.0746928
0.337034
-0.374923
-0.933545
-1.47134
2.14556
0.573252
0.187365
1.28417
-0.812519
0.35685
0.829223
-0.291184
-2.33665
-0.941398
0.548172
-1.70986
-0.875946
-2.66613
2.12423
3.12739
0.0151396
0.923082
0.810563
-0.0752511
2.54132
0.250947
0.596838
-0.29161
-1.20896
-1.54516
-1.13193
0.238559
-0.269639
-2.72796
-0.321336
-0.5975
1.90625
-0.000926495
0.00424752
0.0598559
-0.669557
-3.77566
1.19345
-0.760633
0.10123
-0.373991
-0.0574542
0.838002
0.810477
0.425807
-0.678351
0.108608
-2.45426
1.05073
0.515252
4.37632
0.389688
-1.33146
-0.0718186
0.0309656
-2.46203
-1.80151
0.00505613
1.0584
-0.136173
-1.75264
0.529571
-1.34296
2.10166
-0.152956
3.82432
0.0456188
-0.894793
0.628348
-0.369581
-0.463369
2.70246
-0.121544
1.43433
-1.70027
-1.28514
2.22133
-1.20092
0.680606
0.509137
-0.344292
0.87005
0.282281
-1.71732
-2.34151
0.391426
1.17502
-0.0619365
0.496914
-0.879702
-1.03825
-0.166757
-0.938793
0.10095
-0.347969
0.117283
1.51792
-1.35495
-0.97334
-0.608739
0.497694
-0.464598
-0.00235569
-0.198987
-0.500201
-0.1632
0.45806
-2.24815
0.799841
1.58953
0.00938139
-3.2158
1.04473
2.24726
0.584667
-0.285069
-0.0332128
0.528057
-0.113559
1.87906
-0.0645576
-0.865574
-1.19347
1.13339
0.0728762
0.6015
-0.383292
2.09371
1.85879
0.419301
-0.0999714
-1.61216
0.609627
0.226321
-1.53262
-0.640129
-0.839406
-0.499119
1.64563
0.394267
-0.896331
2.07055
0.53288
-1.37068
1.75067
-0.110701
-1.56127
-0.550389
-2.1513
-1.37465
2.28846
-0.892015
-1.21413
0.0578657
-0.655483
-0.115318
-0.457163
0.882693
-1.43256
0.467092
-0.306247
-0.620118
-0.407845
-0.461567
-2.45083
-1.10039
0.353342
0.43891
0.130739
1.96946
-0.229029
0.937068
0.00982536
0.0141947
-1.09514
-1.11896
0.751544
-0.047942
-0.926921
1.38994
-0.39754
-0.784233
0.0452416
-0.694502
0.731895
1.81209
-1.24602
-0.781797
-0.423469
1.23555
0.687649
-0.0690286
0.491537
-0.20701
-0.348993
0.360727
2.45939
-0.137136
3.19798
0.0375213
1.30822
-0.256529
0.31094
0.0662245
-1.7155
-0.637664
0.202256
0.598273
-2.8178
0.260871
0.809521
0.0311971
-3.42661
-0.0416644
-0.426965
-1.114
-1.57219
0.316998
0.198759
0.262393
-0.070464
-1.11531
-2.61848
-1.88826
2.1796
0.450464
-0.393446
-2.21454
0.211977
0.326216
0.714464
-2.15819
1.67743
4.37964
-1.60724
0.334057
-0.16696
-2.29508
-0.0846722
1.30552
1.28158
-0.184105
3.83431
0.990284
0.203867
-0.656314
-0.010388
-0.655687
0.827283
-0.58052
-0.0482635
1.04307
-0.112354
-1.02178
-1.03788
-0.642714
2.45949
5.28932
-0.322568
1.05385
0.0308597
-0.381031
-0.545626
0.194743
-0.413957
1.18258
8.78389
0.435771
-1.25302
-0.682454
0.00268243
0.105315
1.61137
-0.23181
5.25232
1.08262
0.0658811
-3.9852
-0.417717
1.40607
-0.623434
-1.3888
-0.454547
-0.850262
-0.18064
1.21229
-1.19839
-0.270714
0.0847524
-0.461602
0.15904
0.0396008
-0.0472625
-2.31571
-0.530016
0.566464
2.65867
0.0484164
-1.40748
-0.284941
0.83606
0.109302
0.748334
-0.51115
1.0823
-2.63016
1.45578
0.395693
0.244582
0.270324
-0.510116
0.317753
0.368867
2.26897
-0.0859476
2.07882
-0.111406
0.587916
0.540636
0.575474
-0.277775
-0.502701
-3.55804
-0.112446
0.127047
-0.816095
-0.526717
1.63578
-0.125627
3.58579
-0.125589
-1.9881
0.186566
0.544154
0.757937
0.204822
-3.29943
0.43055
-0.0911504
0.180901
0.798099
-0.633298
2.01703
1.9842
-0.849359
0.862731
0.0548498
0.860892
-0.426089
1.30747
2.115
1.37677
0.57282
0.257517
-0.311693
-0.656596
-0.215066
-0.0316211
-0.190349
0.390462
-0.552861
-0.3532
1.56797
-2.66124
-0.398667
0.503926
-0.0484007
-0.718561
-0.206761
-1.46297
0.378033
-0.500162
0.688309
0.410013
0.138068
-0.915252
-1.67173
-0.854235
-1.63437
-2.24108
1.31999
2.65297
0.363937
2.75433
-0.269044
0.0772927
-3.29382
-0.763943
0.505714
-0.0219904
2.72117
1.68173
0.180451
1.28387
-2.04467
-1.34014
-0.555799
-0.535868
0.497109
-2.77575
2.33131
-0.155611
-2.2649
-1.80307
-0.491268
0.0575037
0.0976789
-1.51971
0.17333
-0.680934
-1.36171
0.868556
-0.491528
-3.50956
-3.10143
-1.40724
0.257464
0.837923
0.0275778
-1.37028
0.552046
-0.138156
1.89502
1.25558
-0.568546
-0.812825
1.497
-1.72981
-0.664969
2.75414
2.68819
-1.13191
0.212498
-0.607596
-0.390313
-1.26611
-2.53803
-0.914848
-0.215885
1.24626
0.284484
0.873764
0.342402
-1.80446
-0.0492594
1.57966
0.469696
-0.212079
-0.133205
-0.18022
1.49194
0.16822
0.401255
-0.745725
0.0520581
2.88206
-3.32299
1.25759
1.78879
0.653143
-0.0153732
-1.20194
-0.939903
-0.295846
0.20906
0.439859
-0.541559
-1.90978
0.331744
-1.94396
0.275778
1.22876
0.684412
1.21612
-0.958372
-0.524143
-0.977429
1.02798
-0.445883
2.91951
-0.448279
-3.9948
0.591629
-0.468785
0.0970308
-0.366809
-0.95187
-1.76133
-0.0647873
-0.253167
-1.56368
-0.659178
0.421074
-1.78106
2.11201
2.30111
-0.0281748
2.20762
0.807136
0.926763
-1.18805
0.158371
-1.26003
-1.625
0.966793
-0.577315
1.55137
-2.11526
-1.25381
0.212473
-0.958396
0.0604285
3.26488
-0.343149
-0.358499
1.81667
0.341206
2.96863
-1.06502
0.0839146
0.963202
-0.856818
-1.29812
-1.04498
1.83877
-1.93444
0.642479
-0.203084
0.0273482
-0.294035
-0.303046
0.617967
-2.61519
3.26717
3.49552
-1.16055
0.215665
-0.428302
-0.278849
-1.10609
-0.117321
0.0291174
2.28685
-1.43195
-0.991422
1.03139
0.0124655
0.095141
-0.611754
1.00756
0.411578
3.0451
-0.0121531
-1.50317
-0.880166
1.61794
0.303339
0.177803
1.36283
-1.05423
-1.19999
0.618693
-0.441026
1.56287
-0.71505
0.341105
0.319451
-1.63075
-0.0610145
1.55829
0.256931
3.73374
0.465763
0.480369
-0.687812
-2.45376
-0.715123
-0.640142
3.4251
0.989261
2.12661
0.0320709
0.358512
0.73675
-1.86073
0.670869
1.79381
1.30601
0.144475
-0.0587336
-0.381528
0.758456
0.0948102
1.5113
1.84421
-4.15227
0.245006
0.129276
1.47958
0.525091
-1.68132
-1.8012
3.42075
-0.145788
-2.98182
-0.280586
0.32812
0.127006
0.0318117
-0.131231
2.62313
-1.20211
-1.27565
-0.0386746
-0.157696
2.06514
-2.56698
-3.06618
0.708555
1.26629
2.91726
-0.909872
-0.495138
0.377655
0.704693
1.39992
0.104838
0.91566
-0.217912
3.32398
2.58449
-0.409878
0.29693
2.51351
-1.14337
-2.03456
0.196006
0.028345
-2.18076
-0.0994114
-0.284817
1.78089
-0.142048
2.0115
0.140564
-1.57497
-0.398302
2.22402
1.63414
0.344972
-1.43297
-1.16244
-0.586735
1.5437
0.157231
0.149519
-0.116165
0.71431
-0.676712
-0.543173
0.0840497
2.3241
-0.399029
0.104648
-1.96163
-0.511239
0.0313695
0.431076
-3.51392
1.15672
-1.25023
2.52351
-1.52372
0.70377
-0.194899
-2.57869
-0.550979
0.732228
-1.44792
0.525569
0.24988
-0.526418
-0.4985
-0.876033
-0.297758
0.124541
0.751919
0.398376
1.32407
1.43915
-0.815562
-0.579619
1.04976
-0.963193
0.946347
-0.112585
-2.41837
-0.0968557
2.16282
0.455049
1.30206
-0.529872
-0.411092
4.932
-0.677303
2.20375
0.490656
1.34301
0.732661
-3.52863
0.656126
1.52293
0.686062
0.709087
-0.606134
1.34578
0.191748
0.398155
-2.08054
0.141105
1.89413
-0.117217
-0.263241
-3.30016
-0.504029
1.17507
-2.0516
-0.630081
-1.78766
-1.40302
0.50163
0.379403
-0.0360945
-1.41696
-0.684731
5.08735
-1.0214
-1.6135
-0.911645
0.580167
1.01497
1.80408
2.60545
0.955332
0.722812
0.3861
-0.142114
0.574837
-0.79434
-2.20151
-0.328934
-0.389116
0.0912087
4.11601
4.0781
1.26081
4.84149
2.55913
-0.162214
-1.59258
1.7618
1.08927
2.10689
-0.0108504
0.511927
-1.20988
0.177291
0.0448191
-0.0957295
-0.335132
0.144247
0.951564
-0.379865
-0.562495
0.00587565
-0.428704
1.72803
-0.52256
0.171217
1.16907
-0.427893
-0.464606
0.274043
-0.399723
-1.66652
0.109084
-0.663877
2.62755
3.65083
0.304739
-2.58484
0.68618
1.36475
1.6858
0.226855
-1.08971
0.887895
-0.72422
1.57211
-1.08158
0.250512
1.74205
0.814178
3.34882
1.00694
0.167106
1.53259
0.0828955
-0.360287
-0.357504
-2.14779
-1.68911
-1.0067
0.0748994
-0.51544
2.55471
-1.39729
-1.81201
-1.89763
-0.578445
-0.714621
0.452331
0.932017
-1.06489
1.08633
0.0702765
-0.0464245
-0.12245
-3.33568
0.516069
0.882929
0.503814
1.78484
-0.330551
-0.152442
0.349807
-0.0699483
-1.14667
0.176452
-3.42819
0.384011
-0.120219
0.221089
-1.14883
0.187154
-0.371703
-0.0686967
-0.596057
1.43851
-0.257004
-0.335694
-0.594186
-0.484776
2.76399
-0.0392735
-1.17112
-1.29526
0.302889
-0.133992
-3.5139
0.71931
-0.177519
0.63792
0.518497
-0.805022
-0.700199
-0.0681288
-2.20789
1.74243
0.383494
-0.646258
2.04983
-1.21027
-1.8595
-0.816957
-0.180564
-2.49679
-1.16556
-1.06844
-0.926637
0.153577
1.94591
1.67216
-0.706348
0.86786
0.0916641
-0.971684
0.31497
0.32369
-0.643268
-3.43026
-1.58928
-3.77196
-0.032231
-0.671263
1.4059
-0.527957
-0.635409
-0.480042
-0.20164
0.441484
0.00147401
-0.343063
-1.04526
-0.474818
2.87596
-0.161165
-0.190629
0.0133054
-0.0288913
-0.235484
-1.58328
-1.49392
0.492833
-0.0547266
3.12188
-0.680017
-0.260105
-1.43231
-0.893339
0.576764
2.01897
1.68517
-2.43602
-0.436637
-0.0228872
-0.226292
1.88799
-0.255647
-0.526754
0.921797
0.451474
-0.157827
0.200595
1.68108
-0.381649
0.988092
0.458724
-1.07257
0.259304
0.836328
0.345163
-1.02152
0.232265
0.112325
-0.285133
0.900451
-1.67976
1.27846
-0.444859
0.251611
0.823833
0.546716
-2.65906
0.0740757
1.46914
0.997727
-0.967036
-1.55096
-1.15739
0.039177
0.754402
0.489902
-0.886417
-0.275343
-0.416364
0.488818
0.447623
0.482372
-0.214468
0.313258
-1.14324
0.0964248
1.73831
-1.63014
0.984661
-1.79497
0.216824
1.60453
-0.525839
0.740501
1.84083
0.0913016
-0.524958
-1.39076
0.168098
-0.542495
-0.237541
0.483016
0.48404
0.71521
3.36602
0.723174
-1.2016
-0.388974
-1.63489
-2.36786
0.415841
-0.413553
-0.119593
0.171098
2.23046
0.455854
-3.97327
-0.528743
-0.589945
0.084091
-0.130863
0.178708
1.00428
0.846823
1.24483
-0.633264
1.11602
1.23695
-0.146805
0.545879
2.83903
-0.351097
0.823485
1.15827
0.347045
1.06695
0.320032
-0.141799
-3.75683
1.27145
1.08957
-0.652522
-0.0546407
-0.512644
-1.03758
0.882851
0.717474
0.0522917
-0.574717
0.223831
0.84259
-0.119283
0.297626
3.1137
1.7301
0.427368
0.620645
0.371508
-1.00114
-2.51768
-2.37198
-1.32765
0.292505
1.24206
-1.54745
-2.19265
-2.03168
-2.65983
-0.972385
0.24394
-0.210858
0.860145
-0.226229
-0.0384374
5.38999
-1.58944
0.112693
0.613866
0.137225
0.926803
-3.49649
2.20046
1.27837
-0.836453
-2.18846
2.1815
-2.16462
-1.92747
0.255392
1.55964
-0.682605
1.86917
0.269524
0.386013
-0.0729161
-0.417132
1.54559
1.016
1.84241
1.82503
-0.0779904
-1.41993
1.86588
1.22756
0.438067
-0.891658
0.140363
-0.1703
0.288138
0.0394511
0.3108
-1.96743
0.213718
-0.57103
-1.01759
0.240726
-0.865979
-0.299726
-1.82978
0.735774
-0.769464
1.12993
-2.36466
-1.69524
1.23839
0.696654
-0.00448607
1.62357
-2.43534
-4.25491
-0.365204
-0.740451
2.05828
-1.09836
-3.84327
-0.475195
0.604796
-0.181463
-1.67502
-0.657235
0.332031
-0.438627
2.56667
0.0819207
2.10701
-1.8746
-1.05893
0.281251
2.10592
-0.666766
0.498356
0.324838
-0.092604
0.436029
-0.112363
0.0328974
0.779902
-2.39423
-1.06076
0.0709736
2.91188
-0.540642
-0.859172
-0.0414836
0.0242507
-0.0510298
0.762104
-0.138886
1.1606
-0.392322
-0.0143486
-1.01281
0.477554
-0.219507
1.4593
-0.435412
-0.694787
-1.25965
3.31142
-1.08338
1.56765
-0.260199
-0.491218
0.317674
0.252103
0.806666
-0.052865
0.922814
-1.12465
0.119145
-0.598342
0.580368
-3.04193
-0.520314
-0.598813
-0.382077
-3.13779
-0.199003
-3.10431
-0.794274
2.52964
0.544782
-0.254789
2.9208
5.63146
-0.0693843
2.46527
-0.189148
0.156571
0.625054
-0.980239
-0.797799
-1.59135
-0.160272
-0.231198
0.212503
-1.98255
-0.963731
0.12189
-0.542584
2.77622
-1.50205
0.828469
1.83864
-1.39525
1.05915
1.43236
0.0238211
-0.122459
1.00848
-0.592264
3.0448
1.17884
3.12976
-0.372772
0.536538
1.12809
1.59465
-0.0197279
-1.5615
-0.14503
0.439957
1.80794
-0.355252
-1.76664
-0.0554224
-0.252734
0.146064
1.76497
0.828514
0.590441
-0.0861981
-1.6594
0.600327
0.47353
-0.487619
-0.276753
0.627424
0.0576614
0.535623
-0.377131
0.535247
-0.424169
0.209779
0.120739
0.248704
-0.230036
-0.927874
0.843762
2.96609
-0.0186965
-0.290363
-2.64633
1.86011
1.77072
-0.380845
0.258056
-0.518841
-2.0142
-1.02492
-0.953585
-0.305832
0.242467
-1.55471
-3.16289
-1.19857
4.03204
-1.89176
-3.88096
-0.470259
0.731373
-0.474264
1.38579
0.185252
-0.489661
-1.67516
3.30948
-0.766372
1.17581
-1.68631
0.0150325
-0.183904
-0.105636
-0.834398
2.56658
-0.0725099
-0.678414
2.55744
1.53271
1.22676
0.823923
-3.38982
-1.24004
0.113101
-0.297763
-3.84093
2.26867
0.132264
1.14559
-0.935977
1.79512
1.31793
-0.730638
1.92443
0.0916441
1.11939
-1.08537
-0.53843
3.04234
-0.590925
-0.973084
0.813663
1.62442
-0.50909
0.278218
0.91456
-1.97527
-0.474545
-0.499525
1.9844
0.0236035
-0.778732
0.990706
0.370189
-1.19342
0.103893
-0.83947
1.58512
2.09979
2.62321
0.50327
-2.84291
-5.5056
4.83853
0.873904
4.04264
2.62664
0.0830165
-0.202388
-0.969694
1.47489
-0.0831489
-0.582331
3.55276
-1.12747
5.03157
-2.38858
0.884633
0.061133
-0.482728
1.20926
-0.0729146
-0.724538
-1.12499
0.102281
1.55561
-1.12193
0.964657
0.164698
-0.130616
-0.874758
6.01503
-0.46187
-2.19622
1.47573
0.0350922
-3.85359
0.214782
0.48544
3.64918
-1.54446
0.0196976
-0.566273
4.09335
0.171481
2.01218
-2.60981
-2.14677
0.158806
0.988557
-1.00198
0.476752
0.144624
-0.582075
0.850005
0.0830324
-3.06773
-0.15441
0.138389
-0.32566
-0.721901
-0.0923015
-0.365154
0.459773
-3.47455
-1.85309
1.11952
-0.345822
-2.48775
-1.19851
-1.68381
0.14455
-0.584694
-0.357986
-1.48613
0.112944
-0.509902
-0.860679
1.52797
0.699129
-0.319622
-1.45409
3.10796
2.77409
-0.0851222
0.000207043
-1.36871
0.337489
-0.121816
2.42335
0.938764
1.4812
-0.148969
0.810762
1.99572
0.595372
-0.637202
0.882314
-1.34358
-0.216552
-1.0898
-0.127824
-3.23672
-1.2929
-0.829381
-2.84844
-0.445506
1.92722
-0.721481
-0.506637
-0.947884
1.20387
-2.65737
-0.206074
0.262926
-0.0649367
2.74458
1.39136
2.35214
-1.2976
2.67471
-0.00630201
0.0786556
0.106837
-0.456055
-3.79796
-1.85313
-0.190114
-0.0409461
-0.558967
2.2258
-1.39958
0.423899
-0.352626
1.62754
-0.867616
-0.161102
0.754453
0.440971
-2.9566
0.392369
5.02135
1.13298
3.23746
2.66862
0.251304
0.597967
1.59099
-0.381007
1.15729
0.73897
2.23296
0.301908
-0.137976
-0.710948
-0.106304
-0.639429
0.442823
-0.529314
-0.112214
0.935297
-0.702935
-0.375806
0.357839
2.04054
1.61826
-0.42755
1.75845
1.51405
-0.104382
3.94809
0.542204
0.245105
0.442744
-0.382476
-4.46527
-1.44725
-0.0660729
0.7413
0.109941
-0.160152
-0.203251
4.33042
-0.77241
-0.23773
-0.556471
-1.57403
0.542645
0.541436
-0.608665
1.60566
-1.79556
0.0347248
-0.768366
2.70104
0.3077
0.878173
0.184606
0.248089
0.125684
0.688475
1.17227
-0.370425
-0.0194632
-0.344572
-0.598343
-0.970446
0.223135
3.48586
0.245905
1.08029
-2.78555
-1.87134
-0.589657
0.052095
0.423662
-3.44406
0.868352
-0.0812196
-2.08065
-1.14075
1.80252
-2.0365
-0.33629
0.505827
-0.772661
-0.396633
0.555657
1.68487
0.158313
0.134251
0.097099
-0.0737071
-3.13958
0.287055
-2.2714
-0.245622
0.187739
0.416647
-1.21672
-2.22936
-1.77935
-0.318673
0.592594
1.00085
-0.0248086
-0.253121
-3.34509
1.03942
-1.55401
0.751661
-2.17183
0.205502
-0.0450297
0.370235
0.0825162
0.596524
1.62193
1.03174
-2.16579
0.587872
0.950879
-1.13829
0.360018
0.854521
0.718353
1.52555
-0.440711
-2.09743
0.414801
2.34841
-3.91625
-1.22974
0.0262414
1.80561
-0.566479
-0.620201
-1.07099
-0.0886323
-1.02218
3.29208
0.236643
0.383829
0.598802
0.131116
-0.145293
-2.82813
1.11183
-1.26287
-0.823771
0.175705
-0.737801
0.858406
0.208831
4.19794
-0.55226
-0.0416625
0.619206
-0.133328
0.190928
0.688815
-0.427789
0.00962183
-0.334333
-1.22081
1.75546
0.219469
-2.93709
2.0802
3.57732
0.161576
-1.15922
-3.4878
0.0641061
-1.18155
-2.17987
0.756882
-0.240018
0.552092
-0.988945
0.457531
1.23397
-0.300803
-0.998578
-0.10749
-0.218144
0.510746
-0.217735
0.582344
-0.890413
-0.0942121
0.0707358
-0.0966633
0.176828
-0.879326
0.214764
-0.0986657
1.30452
-0.511855
-0.147955
2.83064
0.172184
5.66131
0.0979693
0.968173
-0.0880181
0.992811
-2.69938
-0.23171
2.20374
2.26155
4.31928
1.83938
1.09485
0.656827
0.570608
-2.2509
-1.61964
0.91276
-0.9265
0.0957937
0.142252
0.436361
0.285424
-2.16823
0.263749
0.338065
0.109462
0.474616
1.55643
0.766581
0.939686
-0.458617
1.13725
-3.1481
1.05039
0.473157
0.435012
1.80543
0.815129
-1.44137
-0.409569
0.673428
-2.19013
0.755993
-0.780336
-0.895373
0.283078
0.0639116
3.82465
0.258394
-2.06978
-2.11307
0.499834
-0.0685288
-0.894275
-0.0652047
-0.238179
-0.266428
-4.66304
-0.0416571
0.0299791
-1.40831
-0.425612
2.03756
0.603854
-1.60318
-2.29022
1.17397
1.23165
-1.40835
-0.586127
0.25597
-1.14103
-0.0788108
0.286352
-0.0961067
0.544939
1.03409
-0.0196386
-0.921419
-0.0870603
0.456967
1.35276
1.43782
-0.057167
-0.869357
0.767481
2.09856
-2.09281
0.764235
-1.28786
0.352213
0.140579
0.671552
-3.96685
4.90706
-0.00905206
-0.816785
0.237601
0.2748
1.80636
-1.99358
-0.878119
0.282482
0.963686
1.1574
3.30026
0.573611
0.369609
-2.16727
-0.625734
-3.28225
0.515544
-0.236432
-0.582298
-1.55896
1.42976
4.94593
-0.610278
-1.61258
-0.826299
-0.586559
-1.05746
-0.260327
-0.599481
-0.296559
-0.0545237
-0.03406
-1.32165
0.284128
-0.57601
-1.407
0.645581
-0.973036
-0.87046
-1.28914
1.19749
0.393813
-0.133511
-0.670871
-0.27483
1.65128
0.129581
-0.214162
-0.289767
0.551609
0.203719
2.81679
1.39284
-1.06577
0.0961491
-1.64194
0.916618
-2.09919
-1.51909
0.799872
1.76733
-0.570863
1.01574
-0.981426
-1.18715
-0.0562816
-0.124603
-1.2657
-0.578884
-0.192927
-2.05401
-0.245753
-0.153282
-0.185116
-0.00794038
-1.36775
-0.779476
-0.188612
-0.195974
0.434829
0.394473
-2.94049
0.371041
-0.570642
-3.56626
-1.24044
1.73011
-1.28895
-1.42278
0.639247
-0.776075
-0.00230072
2.08354
-0.709103
0.821278
3.28898
1.04636
-2.15647
0.730178
2.87563
1.76667
-0.449792
2.13758
3.09172
1.12251
-2.32052
1.31748
-0.25105
-0.0359297
-0.264921
-0.673474
-0.252634
0.0424335
-0.440469
0.543598
-1.23204
-0.824351
-0.285336
-0.0631041
2.05126
-0.642068
0.0752729
0.243896
-2.40876
-0.228474
-1.65777
0.0145982
0.0129366
-0.336475
-0.465144
0.537902
-0.585135
-0.190963
-0.575347
-0.33763
-0.241722
-0.668647
-0.618842
0.197754
0.572965
3.28616
1.65591
0.406048
0.147907
-2.93257
-1.11168
-0.329777
-2.04269
-0.181552
0.476924
-0.219916
-0.135833
1.98941
-0.463551
0.726182
1.95765
-0.511945
-1.03748
-0.940206
-0.14294
0.27018
-0.445503
-1.15798
-1.52647
-1.73839
0.140865
0.594075
-3.64397
0.246492
-0.715503
5.7098
0.97904
2.32205
-1.94761
-2.58372
-0.170144
-0.187712
-3.24784
-0.750105
2.92122
-0.599389
0.948566
-1.35724
-0.632259
0.111881
0.0873054
0.412698
1.57111
-0.085141
-0.497585
-0.916093
-2.17296
1.29931
0.736079
0.641637
3.16329
2.81441
-1.80732
2.0595
0.108303
0.352916
-0.170022
-0.545555
1.88087
1.44305
-1.42564
-1.63218
-0.627614
0.0923406
0.334709
0.41529
0.707767
0.366581
1.29785
-1.26562
0.178998
0.293132
1.73408
-0.0451324
1.22086
-1.12954
-0.246854
-0.679828
-2.94667
-0.335802
-0.448235
-2.20533
1.84148
0.269533
1.38761
0.274708
-0.931759
0.617188
1.186
-3.3727
1.11945
2.13315
0.936387
-0.67812
0.567639
-0.205355
-0.497676
-0.232378
-0.207782
0.60495
1.8922
-1.27258
-2.55759
-2.28676
0.388177
1.12379
3.769
1.60037
-1.40763
0.207835
-0.328643
-0.213037
0.705443
-0.944204
-0.709349
0.121701
0.639118
-0.526553
-0.107166
1.8204
0.97014
-2.26422
4.19484
0.630129
-0.966624
0.0576729
0.751357
0.451246
-0.700121
3.69529
0.93385
0.467103
0.438653
-0.712305
-0.549503
-3.11201
-0.925798
1.33096
0.1446
-1.594
0.423313
-1.25416
-0.412513
-0.725838
1.27222
0.0804953
-1.3653
-0.201239
0.603652
-0.750509
-0.562558
0.745095
-0.514195
-1.32256
-1.14655
1.22944
-0.376265
1.15329
-1.12739
-7.59042
2.93337
-0.0149826
0.0531869
1.46945
-1.3383
-0.199733
-0.387141
-0.051104
0.330694
-0.0688085
-0.272476
-2.31854
-0.0684888
1.55708
-0.837327
1.70597
0.243571
0.277289
-3.27599
-0.418113
0.741044
-0.37283
-0.851831
-2.64175
-2.77847
0.883373
-0.432251
1.71461
2.69612
1.40226
0.71228
-0.193682
2.21737
-2.09379
-1.37042
-1.66344
2.26074
-1.86824
-0.0172627
-0.834851
0.251958
-0.767668
0.528989
-0.541786
0.83732
1.37793
-0.323804
1.98807
1.72132
0.683284
1.07134
0.0444819
-0.0750513
2.85866
-0.534895
-0.240202
0.042468
0.399661
1.86169
3.29553
-0.167322
0.0209647
1.17873
4.07866
1.87398
-0.60297
0.547035
0.0717601
-1.32789
0.170787
-1.94696
0.525685
-1.1939
-1.81409
-0.282837
-1.67593
-0.228585
-0.645462
-0.165375
1.16616
-0.174706
0.175598
-0.737924
-2.20244
0.618092
0.230323
-1.78187
-1.6033
0.146236
1.18265
1.0096
0.65829
-1.10787
0.485806
-0.436403
0.259338
0.223386
3.05011
-0.056601
-0.139379
-1.85064
-1.04882
-1.15657
-0.78931
-0.65074
0.658164
2.63935
-0.356997
1.30914
0.255812
-2.01179
0.310802
-0.181953
0.663576
0.28614
-0.544789
-1.08844
-2.21535
-1.30763
0.222679
1.02822
0.298975
-1.49251
-0.262795
0.456459
-1.36529
0.919722
-0.38256
-0.04405
-0.00207079
2.02787
0.0254355
1.35386
-1.44758
1.31593
0.948324
-1.7757
0.655046
0.0227897
0.327889
-0.127931
-0.501293
0.161819
-0.193126
-0.0327893
-0.0253977
-1.5855
-0.755964
-0.471029
-0.252595
-0.605562
1.12027
0.0559737
0.479688
-0.212738
-0.215497
0.367399
0.706969
-2.65071
0.673002
0.942217
-2.43478
0.38263
-1.41766
-0.00247833
-1.12634
0.514164
-0.00200115
-0.380621
0.363907
0.195788
-1.16315
1.03956
-7.32965
-1.47528
0.137573
-1.60201
2.05008
-0.0964629
-1.04386
1.09513
0.765406
0.547798
0.72784
-1.87872
-0.716289
0.0699932
0.334494
-0.127471
0.141964
0.295977
1.24989
-0.337105
2.25102
0.535962
-0.0460983
-0.0523861
-2.03156
-0.305039
0.179535
0.683634
0.6994
0.629175
-2.01822
0.992546
-1.62429
4.1547
2.49155
-2.73951
0.613171
-0.894296
-0.90965
-0.692138
-0.284627
1.18219
0.439142
-0.535416
-1.2386
0.811174
-0.253312
-1.85909
0.0288851
-1.02026
-1.52927
0.208904
0.965083
3.95317
0.457178
-0.657895
0.177351
1.54654
4.64583
3.06657
-0.79446
0.124389
1.04345
-1.16726
-0.26803
-1.85335
1.35758
-0.248751
-0.646309
-2.62217
0.349782
-4.1613
-2.63834
-0.337624
0.0117204
0.269691
-0.353858
-0.155866
0.0705692
0.739609
-0.0872372
-1.24276
-0.853489
-0.457822
-0.440884
0.313001
-0.182299
1.16223
1.21486
3.31019
0.536214
-0.461833
0.978202
0.296475
0.228865
-1.08364
-4.08307
0.785357
-1.53575
0.0622443
-0.0558157
2.50695
-0.00172052
0.392863
0.256371
-3.88344
0.696018
0.257234
-0.184711
-0.80742
0.806828
-4.45257
0.152763
0.0172292
-0.882396
0.0792269
-0.203385
-0.187712
0.993014
-0.00868724
0.56269
-0.910251
2.4051
0.572093
-4.36
0.805157
0.538259
1.05436
-2.07133
1.48422
-0.153324
-0.248165
0.0331877
-0.703874
1.46478
0.539237
-4.76543
0.908018
0.286183
1.56818
0.862211
0.516805
0.0847713
2.96952
-0.950911
0.317538
-1.82955
-0.335222
1.10331
4.56017
0.0245693
0.532583
-0.381074
-2.17885
-1.03795
-1.62923
-0.0786864
0.436843
-0.786518
-0.406912
-0.382506
0.620201
-1.70727
-2.11274
0.676869
-0.944738
-0.175746
-2.37171
1.20009
1.57753
0.76261
-0.15235
-0.48341
-1.9259
0.774784
-0.126195
-1.21272
-1.33627
0.077506
0.807777
-2.57247
1.38987
-0.925693
1.3951
-1.77637
2.33597
0.00287666
-0.00447771
-0.64101
0.234914
-1.60335
-0.354562
0.786618
1.47572
-1.8856
0.382955
-1.69597
0.1283
2.12821
0.0144548
0.142319
0.442201
0.479934
0.434761
-1.00371
0.760716
-0.591213
-0.274179
0.155258
-0.260367
-0.424066
-1.94645
1.36461
0.0931272
-0.222039
1.57245
-0.0209812
2.25976
1.49314
-1.4957
-0.83869
1.8934
0.349735
0.262873
-2.30511
-0.328993
0.811779
-0.58359
-1.03474
0.0116518
3.23059
1.15559
0.0014628
0.550537
2.79521
-2.35465
-0.646284
0.139129
-1.04508
0.894933
-0.0548064
1.03721
1.25319
0.156106
0.00261271
0.0841613
2.58158
-0.598105
-1.74372
2.05074
1.04635
-0.447246
-1.03101
-3.11646
0.622535
-3.00743
1.53367
1.3986
-1.48211
-2.33262
-0.352407
-0.163513
1.47392
0.105661
-0.277458
0.435338
-2.28277
-0.949692
0.256315
-3.89479
-0.63038
2.62172
1.69075
0.814478
-2.89048
-0.192941
-0.465741
0.104316
-0.51118
3.07413
-1.00676
-0.342381
1.747
0.719429
0.404888
0.0282928
0.333209
0.615217
0.958079
0.294215
-2.32785
0.122302
-2.10095
-1.62766
-2.76263
0.231136
1.04124
-0.0231425
1.07277
-0.15905
-0.388465
-1.14844
-1.38153
-0.00333076
-1.13981
-3.62964
0.298406
-0.162164
1.32203
-3.70091
-0.441213
0.139345
-0.179284
-1.57657
0.133945
-0.241662
0.739291
1.16248
-3.10963
-0.568518
2.87557
-0.642555
-0.379302
2.38469
1.0746
0.931283
1.00089
-1.52119
-0.0942392
-1.01499
0.487343
-0.868478
0.386875
-2.10623
0.355338
0.0272226
-0.795945
0.432286
1.27772
0.504167
1.00921
-0.640714
0.400369
0.103791
2.37562
1.78454
0.639626
0.677221
0.699236
-0.215991
0.868268
0.697158
1.19786
0.175991
1.75329
1.03458
-0.704482
1.70379
0.0644269
0.903298
0.915956
-1.13999
0.545059
0.190839
-1.16891
0.926355
-0.490561
-0.892254
0.485148
-0.294349
-0.442567
0.483293
0.926041
-2.12664
-0.164087
0.769272
0.456766
-1.12759
-2.32958
-0.572631
0.529627
-3.09495
-1.92132
0.183624
-0.177651
-0.218805
-0.209619
-0.328523
0.474995
-2.56785
0.0109768
-0.0898997
4.3731
1.8901
0.384119
1.43337
-2.10084
1.08146
0.113943
1.12064
0.547751
1.06402
1.67421
1.0041
0.0861977
-2.44976
-0.42452
1.09085
1.47568
-0.87302
2.13686
-0.479197
0.669905
-1.64552
1.98838
-2.57623
0.635485
-1.02077
0.180376
-1.98249
-1.24238
0.0393901
1.19919
-1.13023
0.453177
-0.2202
-0.0113227
1.87098
-0.0266486
-0.425245
0.32603
-0.351087
-0.408754
1.99301
-0.769125
0.803882
-1.11365
1.45198
0.935152
2.69429
1.63604
-0.568692
-1.36314
-2.04364
2.94747
0.161458
1.27372
-0.179503
0.32605
-0.575666
-0.949722
0.59892
-1.40681
-0.537821
1.14942
0.115515
-1.54323
0.295631
-1.00848
-0.830701
1.41098
-1.1051
0.0716202
-1.35358
-0.47643
-1.02599
2.42098
-0.109759
0.783491
-0.154012
-0.325049
0.498888
-1.25213
1.14086
-0.0820008
-1.64171
0.259831
0.298115
3.07666
2.02701
0.0851981
-0.468485
-0.608027
-2.10724
0.109448
2.78564
1.54472
-2.53809
0.544975
-1.14054
0.481268
-0.324497
-0.891078
-0.785485
0.26559
-1.10502
-0.626585
0.345464
-3.20402
-1.54264
-0.952198
-0.227239
-0.191552
0.827553
-1.34305
-1.11688
-0.833903
-0.598767
-5.98276
0.523217
0.787897
1.86368
1.05457
-0.227322
-0.293876
0.142212
-0.235566
0.481936
1.15538
-2.98924
-2.65237
0.190462
2.52913
0.479682
0.1527
1.59414
4.79341
-1.64371
0.147352
-0.440885
2.4637
3.71438
0.493841
-0.239146
-0.372258
-1.61493
0.216517
0.924566
-1.1725
2.78943
-2.49076
-1.89697
-0.213838
-0.0945052
3.33487
-0.0736166
-1.70861
-1.30895
0.381263
-0.471432
0.751422
-0.208084
0.383945
-0.227182
0.300751
-0.144696
-0.450296
1.24497
1.7387
0.19834
0.790895
-0.494201
0.643507
-2.82144
-0.353894
1.78464
-0.312173
-0.277986
2.74451
0.338995
0.0923593
2.14064
-0.248567
1.55911
-0.369672
-0.201051
-0.566146
-1.28142
0.361165
0.238545
2.48986
-1.96134
0.882354
0.486271
-0.0470474
1.02762
0.469522
0.0542724
-2.76052
1.17116
-0.397711
-0.187818
2.27912
-0.42945
-0.00565396
-1.04967
0.738261
2.64833
0.0914607
-0.140604
-2.06274
-0.938543
0.153769
0.418748
-0.0763963
0.247324
1.54925
1.60364
1.30775
-1.5906
0.868192
1.58578
-0.202744
-1.79619
0.883245
-0.228818
-2.63757
-0.887719
-0.280392
-0.080598
-0.156092
0.307349
0.353464
0.217738
1.63294
-0.340527
-0.369837
0.836094
0.890359
1.29043
-0.553767
-1.79978
0.169326
-0.247768
-0.499865
1.24732
2.62816
-1.23825
-2.60941
0.622315
1.61297
2.01627
-1.26911
-0.0776926
-0.495904
-1.69391
1.07284
0.212844
-1.06928
-0.239642
0.100264
0.800665
-0.129059
-0.0799355
0.248831
-2.22944
-2.50407
0.819897
1.18765
2.00539
-0.1581
1.765
-2.11558
1.04121
0.180667
-2.17703
0.4945
0.0464357
3.01911
-0.819565
1.19391
1.65106
-0.386084
0.725263
0.342149
1.75392
0.109926
-0.97001
-0.576327
1.42939
0.214528
-1.5396
-0.696537
0.607651
0.0179791
-1.23991
