c=0.5,beta=1
6.42841e-09
-1.04213e-07
1.5684e-07
-2.92964e-07
-6.00322e-07
-6.35188e-07
7.35345e-07
-2.23923e-06
-2.4517e-06
-3.03993e-06
-3.15957e-06
-3.40013e-06
-4.45284e-06
5.60452e-06
-5.72732e-06
-6.19763e-06
-7.29748e-06
7.66979e-06
7.81637e-06
-8.93482e-06
-1.00958e-05
-1.26451e-05
1.38261e-05
-1.49233e-05
1.59396e-05
1.68212e-05
1.84592e-05
-1.9155e-05
2.0167e-05
-2.25115e-05
-2.26765e-05
-2.39296e-05
2.67855e-05
-3.20851e-05
-3.38864e-05
4.19512e-05
4.37837e-05
4.56854e-05
-4.9123e-05
5.22369e-05
5.35218e-05
-5.7404e-05
-6.12843e-05
-6.29009e-05
6.63583e-05
-6.81544e-05
6.88152e-05
-6.9004e-05
7.20058e-05
-7.75954e-05
-7.86269e-05
-7.98708e-05
8.134e-05
-8.755e-05
-8.97462e-05
9.24616e-05
-9.33648e-05
-9.93822e-05
9.99016e-05
-0.000100813
-0.00010575
-0.000111551
0.000112737
0.000113226
0.000113729
-0.000115375
0.000116584
-0.000119604
0.000120608
-0.000123934
0.000131329
-0.00013359
0.000137339
-0.000138267
0.000142311
-0.000145382
0.000146337
0.000148464
0.000170556
-0.000173001
-0.000174105
0.000185022
0.000192127
0.00019818
-0.000209938
0.00021096
0.000218229
-0.000220865
0.000222196
-0.000233459
-0.000240002
-0.000241054
0.000248678
-0.0002521
-0.000255234
0.000262606
0.000270428
0.000282064
-0.000288614
-0.000289813
-0.000309638
-0.000324673
-0.000326407
0.000332964
0.000343516
0.000349073
0.000356317
-0.000368616
0.000376217
-0.000381758
0.000392005
-0.000399068
0.000400331
0.000417198
-0.000428084
0.000446721
0.000449268
0.000466893
-0.000485006
0.000493012
-0.000502258
0.000532389
-0.00053693
0.000537466
0.000545455
0.000562407
0.000571639
0.000575766
-0.000598909
0.000604042
-0.000614509
0.000620875
0.000625149
-0.000637949
0.000664634
-0.000689761
-0.000699487
-0.000705019
0.000724211
0.000734431
0.000744682
-0.000761873
0.000766608
-0.000811198
0.000822634
-0.000845445
0.000849455
-0.000856314
0.000861789
0.00087724
0.00089269
0.00090746
0.000908441
0.000938321
0.000940502
-0.000946207
0.000952664
-0.000953851
-0.000964394
-0.000969792
0.000971573
-0.000987087
0.000996481
-0.00102094
-0.00102874
0.00103449
-0.00103699
-0.00106293
-0.00106357
-0.00107784
-0.00109725
-0.0011074
0.00110868
-0.00111787
0.00113724
0.00115115
0.00115937
-0.00118683
-0.00119367
0.00119915
-0.00122453
-0.0012268
0.0012282
-0.00124239
0.00126184
-0.00128112
-0.00129353
0.00131434
-0.00132486
0.00133423
-0.00133836
0.0013572
-0.00136613
0.00136867
-0.00137133
0.0013923
-0.00139991
0.00141146
-0.00141984
-0.00143206
0.00145486
-0.00146781
0.00148191
0.00150321
-0.00151729
0.00156465
0.00157722
0.00159708
-0.00160199
0.00163723
-0.00169249
0.00170665
0.00175594
-0.00178129
0.00178991
-0.00180333
-0.00181364
-0.00184226
-0.0018637
0.00187313
0.00187951
-0.00188984
-0.0019264
0.00195103
-0.00195357
0.00196743
-0.0019827
0.00200519
0.00201848
-0.00203485
-0.00205222
-0.00206011
0.002072
-0.00207581
0.0020847
-0.00209587
-0.0021197
0.00217004
0.00217839
-0.00218063
-0.00218852
-0.00219631
-0.00221045
0.00221869
0.00224838
-0.00225661
0.00227033
0.00229343
-0.0023204
-0.00234206
0.00235663
0.00236856
0.00237089
0.00237576
0.00238371
-0.00242767
0.00244517
-0.00247175
0.00249544
-0.00250689
-0.00251827
0.00254896
-0.00256558
0.00258046
0.00259328
-0.00261787
-0.00266915
0.00268814
0.00270829
0.00271292
-0.00272051
-0.00272694
0.00274182
0.00280167
0.00281413
0.00284044
0.00285637
0.00288071
0.00290314
-0.00294411
-0.0029928
0.00305565
-0.0030736
0.00308407
0.00310478
0.00310948
0.00311676
-0.00312087
0.00313791
0.00314133
-0.00316939
0.00318429
-0.00321452
-0.00322184
0.00325072
-0.00328771
-0.00330576
-0.00332568
0.00335533
0.00339527
-0.00342318
0.00345473
-0.00347816
0.00348358
0.00350168
-0.00352315
-0.00355032
-0.00358659
0.00360926
0.00365553
0.00367223
-0.0037004
0.00372175
-0.00380042
-0.00381915
0.00385792
-0.003874
0.00389236
-0.00390134
-0.00393414
-0.00399744
0.00401329
0.00403439
-0.00407782
0.00409882
-0.00412636
0.00413554
-0.00414698
0.00419396
-0.00428221
0.0042959
0.00432285
-0.00433651
0.00434829
-0.00439829
0.00442234
-0.00445951
0.00450456
-0.00458449
-0.00463531
0.00464951
0.00465153
0.00466239
-0.00467243
0.00469816
-0.00473705
-0.00474743
0.00475037
0.00475435
-0.00476284
-0.00478219
-0.00482892
0.00488224
-0.00488614
0.00491441
0.00495154
0.00498422
-0.00500066
-0.00501861
-0.00502175
-0.00503495
-0.00504263
-0.00507967
0.00511023
-0.00511556
-0.00512991
-0.00513865
0.00518755
0.00522976
0.00528393
0.00531801
0.00532783
-0.00534865
-0.00545146
0.00549125
0.00549149
-0.00557856
-0.00560429
0.00564661
0.00574324
0.00575336
-0.0057775
0.00579849
0.0058173
-0.00593408
0.00595007
-0.00600045
-0.00603457
0.00604333
0.00606121
-0.00610468
0.00612644
0.00614616
0.00620962
0.00626315
0.00629787
-0.0063406
0.00635573
0.00643765
0.00648226
-0.0065036
-0.00656393
0.0065737
-0.00666078
0.00667122
-0.00668402
-0.00674372
0.00678953
-0.00688372
-0.00690218
0.00696199
0.00698689
-0.00700954
0.00708879
-0.00711652
0.00716423
0.00717459
0.00722901
0.00727617
0.00730542
-0.00732277
-0.00738673
-0.00743381
-0.00744449
-0.00747419
-0.00750765
0.00762932
-0.00764924
0.00766307
0.00770837
-0.00772238
-0.00772804
0.00773663
0.0077448
-0.00777367
0.00778124
-0.00781808
-0.00788657
-0.0079057
-0.00795229
-0.00803322
0.00805562
0.00810115
0.00812269
0.00820765
0.0082474
-0.00824854
0.00828539
-0.00830303
-0.00832698
-0.00836057
0.00838141
0.00841261
0.00845089
-0.00845765
0.00850751
-0.00855799
0.00859494
-0.00863037
-0.00871241
-0.00877235
-0.00877395
0.00878514
0.00884368
0.00885977
0.00887819
0.00890095
-0.00891143
-0.00897749
-0.00906382
0.0091025
-0.00912437
0.00916488
0.00916674
-0.00921843
-0.00924331
0.00928957
0.00934251
0.00938644
0.0094378
0.00947883
-0.00957157
-0.00957464
-0.00962612
-0.00965261
-0.00966457
-0.00976052
0.00979418
0.00982011
0.00989384
0.00991825
0.00992836
0.00994193
0.00997116
-0.00998173
-0.0099918
0.0100084
0.0100642
0.010139
-0.0101499
0.0102133
-0.0102809
0.0103354
0.0104147
-0.0104418
0.0104598
-0.0104815
0.0105458
0.0105679
0.0105747
0.0107005
0.0107434
-0.0107782
-0.0108241
0.0108512
-0.0109072
-0.010915
0.0109383
0.0109531
0.0109924
0.0110349
0.0110818
-0.0111387
0.011158
0.0111775
-0.0111858
-0.0112266
0.0112929
-0.0113215
0.011345
-0.0114097
-0.0114212
0.0114306
-0.011458
-0.0115058
0.011523
0.0115647
-0.0116805
-0.0116867
0.0117323
0.0117467
-0.0117646
-0.0118018
-0.011841
-0.0118765
-0.0119545
0.0120151
0.0120336
-0.0120842
0.0121085
0.0121513
0.0121788
0.0122102
-0.0122731
-0.0122926
-0.0123494
0.0124184
-0.0124345
-0.0124756
0.0125677
-0.0125806
-0.0126885
-0.0127182
0.0128
0.0128324
-0.0128676
0.012882
0.0129149
0.0130501
0.0131079
0.0131236
0.0132594
-0.0132775
0.0132957
0.0133237
-0.0134515
0.0134804
0.0135149
-0.0135592
0.0135723
-0.0136338
0.0136539
0.0137286
0.0137678
-0.0138149
0.0138248
0.0138627
-0.0139359
0.0139637
-0.0140754
-0.0141214
0.0141746
0.0143204
0.0144
-0.0144176
0.0144517
-0.0145363
-0.0145699
0.0146135
-0.0146752
-0.0146998
-0.0147233
-0.0148951
-0.0149293
0.0149418
0.0149871
-0.0150387
-0.0150847
0.0151643
-0.0152296
-0.0153102
0.0153627
0.0153769
0.0154009
0.0154166
0.0154645
-0.0154717
-0.0155095
-0.0156548
0.0158412
0.0158671
0.0159877
-0.016057
0.0160729
0.0161012
-0.0161147
-0.0161916
0.0162103
0.016285
-0.0163197
0.0163269
0.016457
0.0165013
0.0165267
-0.0165589
-0.0165989
-0.0166745
-0.0167037
0.0167321
0.0168089
0.016837
0.016841
-0.0168878
-0.0169986
0.0170668
0.0171429
-0.0172277
-0.0172466
-0.0173327
0.017354
0.0173733
-0.0174192
0.0176017
-0.0176377
-0.0177261
-0.0178365
-0.0178566
0.0179199
-0.0179579
-0.0179954
-0.0180101
-0.0180704
0.0181648
-0.0182232
-0.0182933
0.0183061
0.0183746
0.0184494
0.0184641
0.018481
-0.0185359
-0.0186409
-0.0186889
0.018705
-0.01874
0.0188251
0.0188533
-0.0188694
0.0189224
-0.0189393
0.0189669
0.0190122
0.0190376
-0.019129
0.019143
0.0191645
-0.019204
0.0193019
-0.0193407
-0.0193611
-0.0194375
0.0194838
-0.0195276
0.019534
0.0195744
0.0196528
-0.0197802
0.019822
0.0199709
-0.0200206
0.0200385
-0.0201139
0.0202109
-0.0202309
-0.0202892
-0.0203539
-0.0204231
0.0204406
-0.0204551
-0.020503
0.0205705
-0.0206841
0.020734
0.0207793
-0.0208257
0.0209066
0.0209664
0.0210247
0.0211043
0.0211448
0.0211878
0.021207
0.021228
-0.0212504
-0.0212749
0.0213309
-0.0213848
0.0214283
-0.0214472
0.0215502
-0.0217735
-0.0217944
0.0218627
-0.0220049
-0.0220961
-0.0221618
0.0222894
-0.0223484
-0.0224108
-0.0225262
0.0225923
-0.0227311
0.0228018
0.0228396
0.02291
-0.0230625
0.0230875
-0.0231519
0.0232378
-0.0233156
0.0233536
-0.0234526
-0.0234906
0.0235216
-0.0235863
-0.0236271
-0.0236613
-0.0237516
0.0237641
-0.0239085
-0.0239216
0.0241401
-0.0242884
0.0243441
-0.0244028
-0.024442
0.0244843
0.0245433
0.0245968
0.0246403
0.0247711
0.0248305
0.024892
-0.0249863
-0.0250305
0.0250736
0.0251123
-0.0251419
-0.0252649
0.0253299
0.0254389
-0.0254811
-0.0255753
-0.0255981
-0.0257232
-0.025867
-0.0258831
0.0259336
-0.0260294
-0.0260938
-0.0261226
0.0262247
-0.0263058
0.026324
0.0263343
-0.0264954
0.02657
0.0266472
-0.0266998
0.0267379
-0.026808
-0.0268836
0.0269151
0.0269286
0.02695
0.0270253
-0.0271943
0.0273081
-0.0274166
0.0274384
0.0275286
-0.0275467
0.0275732
-0.0278336
-0.0279065
-0.0279251
0.0280275
-0.0282737
-0.0284872
0.0285728
-0.0285924
0.02876
-0.0287803
-0.0287827
0.0288024
0.0288805
-0.0288861
-0.0289365
-0.0290324
0.0290631
0.0291079
0.0291493
-0.0292726
-0.0293437
-0.0293951
0.0294719
-0.0298205
-0.029884
0.0299154
-0.0299389
0.0299552
0.030143
0.0301484
0.030218
0.0302963
0.0303153
-0.0304257
0.0304943
-0.0306155
-0.0307327
0.0307729
0.0308899
-0.0309457
0.0310022
-0.0310489
-0.031067
0.0310904
-0.0311207
0.0311365
0.0312238
-0.0312659
-0.0313345
0.0314031
-0.031437
0.0316034
-0.0321078
0.0321402
0.0321941
-0.0322772
0.0322977
-0.0324264
-0.0324832
0.0324931
0.0326086
0.0327681
0.0328158
0.0328829
-0.0328985
-0.0329558
-0.03303
0.0331814
-0.0332481
0.0333045
0.0333393
-0.0334199
-0.0335419
0.0336353
-0.0336753
-0.0337714
0.0338298
-0.0339563
0.0342269
-0.0342715
0.0343776
0.0345834
-0.0347395
0.0348185
0.0348747
0.03492
0.0350093
-0.0350428
0.0351733
0.0353204
0.0354945
-0.0355609
-0.0356101
0.0357043
-0.0358475
0.03587
0.0360074
0.0360692
-0.0361229
0.036174
0.0363494
0.0364378
0.0365909
0.0367571
0.0371455
0.0372781
-0.0374865
-0.037549
0.0376073
0.0376808
0.0377684
0.0378495
-0.0379187
0.0380997
0.0382225
-0.0382523
-0.0383087
0.0384585
0.0385247
-0.038608
-0.0387286
0.0391119
0.0391231
0.0392054
-0.0392708
0.0393612
-0.0395156
-0.0395369
-0.0396306
-0.0396464
-0.0397319
0.0398289
0.0399012
0.0399718
0.0400311
0.0400803
-0.0401091
-0.0401723
-0.0403585
0.0404965
-0.0405613
-0.040682
0.0407512
0.0407854
-0.0408591
-0.0408746
0.0409116
0.0411076
-0.0411332
-0.0411767
-0.0412934
0.0413297
-0.0415453
-0.0416171
-0.0416438
-0.0416969
-0.0417804
-0.0418073
-0.0418691
-0.0419945
0.0420351
0.0421018
-0.0422359
-0.0423788
-0.0424531
-0.0425513
0.04265
0.0427634
-0.0428051
0.042925
0.0430057
0.0430397
-0.0431033
0.0431819
0.0432535
0.0434092
-0.0434653
-0.0435471
0.0435795
-0.0436471
-0.0436772
0.0437745
-0.0438835
0.0439501
-0.0440457
0.0441149
0.0441242
0.0441853
-0.044313
-0.0444571
-0.0444873
0.0444945
0.0446772
0.044757
0.0447948
-0.0450253
-0.0451885
0.0452227
-0.0452358
-0.0453098
0.0453893
0.0454466
0.0455009
-0.0455876
0.0456495
-0.0456691
0.0457203
-0.0457715
-0.0459462
0.0460429
0.046106
-0.0461398
0.0462285
-0.0463769
0.046487
0.0465492
0.0466032
-0.0467385
0.0469883
-0.0471396
0.0472345
0.0474198
0.047509
-0.0475931
-0.0476772
0.0479302
0.0480588
0.0482354
0.0482931
0.0484042
0.0485718
-0.0487114
0.0488786
-0.0489312
0.049125
0.0491918
-0.0492309
-0.049334
0.0494284
-0.0495483
0.0495753
0.0496258
-0.0497771
-0.0498924
-0.0499473
-0.05009
0.0501958
-0.0502754
-0.0504258
0.0505784
-0.0507751
-0.0509955
0.0510144
-0.0512191
0.0512753
0.0514458
0.0516686
-0.0516788
0.0516902
-0.0517185
0.0518011
-0.0521571
0.0523447
-0.0523838
0.0525622
-0.0526124
-0.0527102
0.0530433
-0.053129
-0.0531399
-0.053355
0.0533891
0.0537003
-0.0538168
-0.0538453
0.0539215
0.0539681
-0.0540749
-0.0543867
0.0544428
-0.0545369
0.0545507
0.0546172
-0.0547956
0.0550038
-0.0551407
-0.0551867
0.0552982
-0.0554077
0.05558
-0.0556334
0.0557221
-0.0559662
0.0560632
-0.0561233
-0.0561765
-0.0562186
-0.0562921
0.0565017
0.0566925
0.0568958
-0.0569828
0.057202
0.0573297
0.0574642
0.0575382
-0.057821
-0.0579081
0.0579667
-0.0581607
-0.058192
0.0582673
-0.0583916
0.0584146
-0.0585455
-0.0586461
-0.058737
-0.0587704
0.0588046
0.0588489
-0.0589254
-0.0590329
0.0590834
-0.059159
-0.0592751
-0.0593835
0.0594467
0.0595649
-0.0596121
-0.0597249
0.0598305
-0.0599861
-0.0600181
-0.0601659
-0.060238
0.0604348
-0.0604491
0.0607368
0.0607607
-0.060901
-0.0609136
-0.0611475
-0.0611901
0.0612516
0.0612848
0.0613237
0.0613593
-0.0614836
0.0615389
0.061689
0.0617828
0.0618841
-0.0619856
-0.0620283
-0.0621045
-0.0622397
-0.0624342
-0.0626434
-0.0628676
0.0630385
0.063075
-0.0630834
0.0631801
-0.0632603
0.0633875
0.0635224
0.0636562
-0.0637131
-0.0637631
0.063836
-0.0639851
-0.0641474
0.0643596
0.0644354
-0.0647402
0.0648411
-0.0649871
-0.0652379
0.0653421
-0.0654437
0.0655046
-0.0657312
0.0658351
0.0659283
0.0660829
-0.0663124
0.0663244
-0.0664343
-0.0665147
-0.0665413
-0.0667729
-0.0668823
-0.0669596
-0.0670629
-0.0671276
0.0672017
0.0672867
0.0677129
0.0679155
0.0680106
0.068053
-0.0682201
-0.0684562
0.0684627
-0.0686317
-0.0687308
0.0687973
0.0689213
0.0692332
0.0692547
0.0692817
0.0694853
-0.0695104
0.0696072
0.0696364
0.0697522
0.0699077
0.0699876
0.0702107
0.0703364
0.0704743
0.0705401
0.0706467
0.0708865
-0.0709307
0.0711714
-0.0712109
-0.0714242
0.071626
-0.0717383
0.0720636
0.0722539
0.0723007
-0.0725844
0.0729307
0.0730822
-0.0732612
-0.0734023
0.0734937
0.0735387
-0.0736477
-0.0737801
-0.0740032
-0.0740522
-0.074164
-0.0743491
0.0744502
-0.0746236
-0.0746767
0.0748817
0.0750232
-0.0750282
-0.0752208
0.0753311
0.0754456
0.0754943
0.0755854
0.0756716
-0.0757683
-0.0757844
-0.0758013
-0.0758352
0.0760252
0.0761051
-0.076167
-0.0762906
-0.0763074
-0.076438
0.0764871
0.0766014
-0.0766597
-0.0767283
0.0768905
-0.0769477
0.0769724
0.0770151
-0.0770639
-0.0771178
-0.0771932
0.0772461
-0.0773053
0.0773282
-0.0774178
0.0774397
0.0775487
0.0776429
0.0777216
-0.077839
-0.077923
-0.0781465
-0.0782062
0.0785355
-0.07871
-0.078764
0.0787926
0.0788295
-0.0789388
-0.0790417
0.079094
-0.07911
0.0791279
-0.0791723
0.0793622
0.0794608
-0.0796292
-0.0797889
0.0803967
-0.0804601
0.0805926
-0.0808221
-0.0812015
0.0812383
0.0817099
0.0819122
-0.0819875
-0.0821182
0.0821362
0.0821892
0.0822867
-0.0824961
-0.0826466
0.0827673
-0.0830185
-0.0831023
0.0832246
0.0832348
0.0834167
0.083567
0.0836218
0.0836684
-0.0836994
0.083748
-0.0837851
0.0838375
0.0840134
-0.0840318
0.0842287
-0.0843707
-0.084478
-0.0845825
0.084655
0.0848673
0.0850238
0.0852311
-0.085389
0.0854739
-0.0855475
-0.0860706
-0.0861479
-0.0862938
-0.0864566
0.086598
-0.0866279
0.0866871
0.0868761
-0.0870506
0.0871605
0.0872013
0.0875366
-0.08765
-0.0877273
0.0877604
0.0878549
-0.0881646
0.0882174
0.088492
0.0885338
0.088573
-0.0886558
-0.0887577
0.0888354
-0.0890597
-0.0892153
-0.0894003
-0.0897781
0.0898654
-0.0898852
-0.0899323
-0.0901138
0.0902234
-0.0902759
-0.0903672
0.0905033
0.0905662
-0.0906148
0.0908529
-0.0909587
-0.0910311
-0.0911757
0.0913947
0.0916168
-0.0917059
0.091728
-0.0918747
0.0920036
0.0920856
0.0923788
-0.0925737
0.0926731
-0.0927081
-0.0928863
0.0932669
0.0933082
-0.0934388
0.0935948
0.0939565
0.0941732
0.0943328
-0.0944856
0.0945742
0.0946948
0.0948127
0.0949407
-0.0951375
-0.095169
0.0953888
-0.0954597
0.0956509
0.0956758
-0.0957356
-0.0960012
0.096108
0.0961332
0.0961996
-0.0962186
-0.0963561
0.0964431
0.0968992
-0.0970453
-0.0971288
-0.0973548
-0.0974953
0.0975303
-0.0980006
-0.0980608
-0.098122
-0.0982172
-0.098489
0.098507
0.0986185
0.0986744
0.0987277
0.0987882
0.0988821
0.0989219
-0.0990293
-0.0991035
0.0992206
-0.0993894
-0.0998322
-0.0999224
0.100034
0.100233
0.100307
-0.100543
0.100617
0.100708
-0.100853
0.100878
-0.101018
-0.101199
0.101238
-0.101373
0.101423
-0.101637
-0.101744
-0.101864
-0.101986
-0.102251
0.102312
-0.102513
-0.102617
0.102831
-0.102922
0.102982
0.103147
-0.103277
-0.103464
0.103707
-0.103779
-0.104047
0.104116
-0.104262
-0.104396
-0.104494
0.104654
-0.104697
-0.104985
-0.10507
-0.105163
0.105269
0.105335
-0.105472
-0.10577
-0.105967
-0.106119
0.106286
-0.106354
-0.106469
0.106527
-0.106708
0.106933
0.10698
0.107185
0.107194
-0.107349
0.107533
0.107671
-0.107859
0.108088
-0.108273
0.108409
-0.108554
-0.108663
-0.108987
0.109077
0.109233
0.109302
-0.109667
-0.109885
-0.110098
-0.110149
-0.1102
-0.110378
0.110481
-0.110516
0.110591
0.110773
-0.111094
-0.111207
0.111498
0.111626
0.111766
-0.111845
0.111939
-0.111993
-0.112546
0.112579
0.112659
-0.11273
0.112929
-0.113138
-0.113454
0.113485
0.113559
-0.11362
-0.113673
0.113851
-0.114298
0.114483
0.114519
-0.114777
-0.114969
-0.115165
0.115348
0.115542
0.115966
-0.116344
-0.116532
0.116804
-0.116929
0.116986
-0.117058
0.117152
0.117686
-0.117724
0.117973
-0.118212
0.118379
0.118416
0.118543
0.118864
0.11896
0.119188
0.119397
0.119707
-0.119748
-0.11982
0.119939
-0.119941
-0.120485
-0.120658
-0.120806
0.120848
-0.121319
-0.121471
0.121706
0.121736
0.121827
-0.122113
0.122442
0.122481
-0.122631
-0.122707
0.122832
0.122993
-0.123252
-0.123478
-0.123595
0.124023
0.124246
0.124448
-0.124617
-0.124737
-0.124893
0.125219
-0.125387
0.125544
-0.125683
-0.125867
-0.126097
-0.126219
0.12627
0.12669
0.126992
-0.127289
0.12739
0.127443
-0.127523
-0.127607
-0.127911
-0.128113
-0.128399
0.128809
0.128913
0.129051
-0.129076
-0.129102
0.129362
-0.12949
-0.129759
-0.130133
0.130252
-0.130361
-0.130481
-0.130693
-0.130854
-0.131174
0.131285
0.131422
0.131469
0.131549
-0.131678
-0.131714
0.131936
0.132133
-0.132239
-0.132577
0.132716
-0.132996
0.133102
0.133116
-0.133408
0.133519
-0.133571
-0.13381
-0.13389
0.134025
-0.134097
0.13426
0.134335
-0.134592
0.134741
-0.134967
0.135048
-0.135217
0.135566
-0.135619
-0.135728
-0.135919
-0.136113
-0.136334
0.13636
-0.136582
-0.136607
-0.136682
0.136759
0.136826
-0.137002
-0.137307
-0.137442
-0.137551
0.137588
-0.137651
0.13797
0.138065
-0.138095
-0.138538
0.138573
-0.138717
-0.13877
-0.13886
-0.138937
0.139106
-0.139195
-0.139345
-0.139936
0.140058
-0.140128
-0.140191
-0.140452
0.140567
-0.141065
-0.141234
-0.141357
0.14147
-0.141502
0.141726
-0.141783
0.14194
-0.142054
0.142239
0.14235
0.142456
-0.142564
0.14267
-0.142777
0.142891
-0.14299
-0.143099
-0.143383
0.143591
-0.144148
0.144286
0.144671
0.1447
-0.144833
0.145034
-0.145185
-0.145324
-0.14535
-0.145526
-0.146166
0.146373
-0.146548
-0.146906
-0.147039
0.147492
-0.147681
0.147808
0.147991
-0.148196
0.148395
-0.148496
-0.149126
-0.149375
-0.149655
-0.149798
0.149851
-0.150034
0.150315
-0.150966
-0.151115
0.151276
-0.151342
0.151422
-0.151513
-0.151586
-0.151714
-0.151796
0.151831
-0.152052
0.152509
0.152912
-0.153077
0.153291
0.153373
-0.153639
0.15374
-0.153992
-0.154135
-0.15431
-0.154709
-0.15492
0.155073
0.155197
0.155293
0.155405
0.155537
0.1556
-0.155727
0.155825
-0.155929
-0.15609
-0.156113
0.156235
0.156414
0.156649
0.156795
-0.156915
-0.157028
-0.157495
0.157833
-0.158017
-0.158179
0.158385
0.158578
0.158765
-0.159199
-0.159284
0.159351
0.159565
-0.159712
0.159834
0.159924
-0.160028
-0.160101
0.160222
-0.160553
-0.160842
-0.160935
0.161325
-0.161434
-0.161872
0.162094
0.162131
0.162174
0.162228
0.16241
-0.162635
-0.163053
0.163331
0.163341
0.163603
0.163689
-0.163874
0.163988
0.164556
-0.164629
-0.164855
0.16492
0.164981
0.165183
-0.165351
-0.165437
0.165823
-0.166013
0.166174
0.166301
0.166494
0.166893
-0.16753
-0.16762
0.1678
-0.167859
-0.167881
-0.168029
0.168096
0.168258
0.168602
0.168835
-0.169167
0.169233
0.169337
-0.169923
0.170029
0.1701
0.170457
0.170872
-0.171131
0.171154
0.171223
0.171485
0.171654
-0.172247
0.172278
0.172373
-0.172683
0.172698
0.17296
0.173172
0.173254
-0.173366
0.173419
-0.173469
-0.173635
-0.174265
-0.174414
0.174571
0.174849
-0.175041
-0.175359
0.175924
-0.175961
0.176104
-0.176162
0.176227
0.176546
-0.176871
-0.177077
0.177093
0.177168
-0.177464
0.177701
0.177765
0.17786
-0.178038
-0.178167
0.178347
-0.178847
-0.178949
0.179064
0.179611
-0.179726
0.179923
0.180108
-0.180129
-0.180392
-0.180729
-0.181779
-0.182141
-0.182226
-0.182276
-0.182433
-0.182528
0.182808
0.182923
0.183109
-0.183324
0.183443
0.183646
-0.183856
-0.18409
0.184283
-0.184624
-0.184642
-0.18476
-0.184891
-0.184999
-0.185039
-0.18524
0.185286
-0.1857
0.185924
-0.186125
-0.186183
-0.186274
0.186566
-0.186708
0.186742
-0.186961
-0.18714
-0.187392
0.187527
-0.187583
-0.188205
-0.188269
0.188689
0.188945
-0.189124
-0.189252
-0.189389
0.189505
-0.189603
0.189783
0.190069
0.190307
-0.190489
0.190723
0.191127
0.191578
-0.191817
-0.192614
-0.1927
0.192872
0.193056
0.193268
0.193348
-0.193462
-0.193664
-0.193746
0.194006
0.194074
0.194485
-0.194804
-0.194865
0.194966
-0.195024
0.195117
-0.195504
-0.195773
-0.195868
-0.196074
-0.196277
0.196687
-0.197086
-0.197259
-0.197443
-0.19757
-0.19782
-0.198132
0.198259
0.198637
0.19884
0.198895
-0.198937
-0.199415
-0.199858
0.199899
-0.200028
0.20013
0.200596
0.200745
0.201023
-0.201283
0.201335
-0.201395
0.201582
0.201729
-0.201965
-0.20227
0.202293
-0.202327
-0.202741
0.202979
0.203205
-0.203349
-0.20345
-0.203656
0.203672
0.203958
-0.20414
0.204286
-0.204421
-0.204599
-0.204689
0.205051
0.205143
0.205153
0.205445
0.205501
0.205902
-0.205981
0.206066
0.206293
0.206529
0.206574
-0.206717
-0.20687
0.207435
0.207638
-0.208088
0.208441
0.208674
0.208845
0.209158
-0.20934
-0.20948
-0.209757
0.209852
-0.210121
-0.210475
-0.210839
-0.210941
0.21096
0.211125
0.211479
0.211641
-0.211904
0.211993
-0.212514
-0.212778
0.212992
0.213152
-0.213275
-0.213326
0.213428
-0.213762
0.214065
0.214381
-0.214671
-0.21485
0.214972
-0.215363
-0.21569
0.216094
-0.216449
-0.216527
-0.21667
-0.216727
0.217016
0.217565
0.217764
-0.21825
0.218946
0.219118
-0.219696
0.219853
-0.220214
0.220449
0.22057
-0.220604
-0.220735
-0.220874
-0.220931
-0.221005
-0.221037
-0.221129
-0.221234
0.221691
-0.221854
-0.221928
-0.222375
-0.222711
-0.222939
-0.223193
0.223538
0.223546
0.223624
0.22392
-0.224152
0.224436
-0.22463
-0.224778
-0.224814
0.224925
-0.224965
0.225076
-0.225207
0.225432
0.225763
-0.225864
-0.226309
0.226397
0.226616
-0.22708
0.227173
0.227405
0.227614
0.227852
-0.228332
-0.228421
-0.22877
0.229401
0.229526
0.229925
-0.230201
0.230279
0.230466
0.230522
0.230606
-0.230883
0.231311
-0.231519
-0.231728
-0.232344
0.232625
-0.233081
0.233216
0.233603
-0.233668
0.233903
-0.234148
-0.234589
0.23513
0.235403
-0.235417
0.235617
0.235941
0.236218
0.236491
-0.236873
-0.237155
0.237469
-0.237805
-0.238284
-0.238773
0.238851
-0.239093
-0.239137
-0.239702
0.240252
0.240304
-0.240369
0.240509
-0.240789
0.240914
-0.241181
-0.241419
-0.241706
-0.24173
-0.241991
-0.242228
0.242567
-0.242834
-0.242998
-0.243191
0.243632
-0.243912
-0.244039
0.244337
0.244462
-0.244609
-0.244751
-0.244819
0.245114
-0.245353
0.245502
0.245836
-0.24614
0.246333
0.246408
0.24657
-0.246846
-0.246986
0.247073
0.247492
-0.247584
-0.247761
-0.248001
0.248438
0.248631
-0.24874
0.249435
-0.249617
-0.249667
-0.249981
-0.250205
0.250413
0.250518
-0.250889
-0.251027
-0.251295
0.251411
0.251729
-0.25228
0.252337
0.252697
0.252935
0.253451
0.25357
0.254135
-0.254499
-0.254571
0.254843
0.255369
-0.255515
-0.255571
-0.255951
0.256545
0.256898
-0.256968
-0.257573
-0.25771
0.257896
-0.258151
0.258321
-0.258956
-0.259002
-0.259287
-0.25943
-0.25971
0.259971
0.260263
0.260345
0.260941
-0.261006
-0.261392
0.261535
0.261597
-0.261831
-0.261971
-0.262443
0.262745
0.262829
0.262911
-0.262997
0.263271
0.263715
0.263978
-0.26413
0.264527
0.264737
0.264935
-0.265155
-0.265815
-0.266168
-0.266513
0.266896
0.266969
-0.267518
-0.267783
0.268133
0.268163
-0.268888
-0.268998
-0.269512
-0.26977
-0.270267
-0.270471
-0.270675
-0.271036
0.271486
0.271633
0.27204
-0.272135
0.272431
-0.272709
-0.272883
-0.273325
0.273473
0.273584
-0.273908
0.274113
-0.274161
-0.274826
-0.275045
0.275289
0.275397
0.276089
-0.276257
-0.276303
-0.276368
-0.276645
0.276841
0.277167
-0.277339
0.277417
0.277422
0.277929
-0.278111
-0.278595
0.278951
0.279179
-0.280104
0.280296
0.280486
0.280591
-0.280783
-0.280802
0.280901
0.281264
0.281411
0.281689
-0.281917
-0.282452
0.282777
0.283533
-0.283786
-0.283885
-0.28412
0.284405
-0.284721
-0.284888
-0.285127
0.285528
0.285545
-0.28565
0.285787
-0.28594
0.286092
-0.286366
-0.286806
0.286972
-0.287376
0.287509
0.287777
-0.287897
0.28807
0.288328
0.288737
0.28888
0.289107
-0.289509
-0.289737
0.289917
-0.290226
0.290408
-0.290433
-0.29069
0.290942
0.291547
-0.291954
-0.292106
0.292483
0.29281
-0.293067
0.293766
-0.293904
-0.294144
-0.294612
-0.294863
0.295023
-0.295191
0.29553
0.296054
0.296638
-0.296933
0.297174
0.297393
-0.297737
0.297913
0.297993
0.298053
-0.298316
0.298616
0.299082
0.299306
-0.299314
-0.299386
0.299539
-0.299747
0.300371
-0.300678
-0.301257
-0.301505
-0.301881
0.302227
-0.302553
0.302951
0.303372
0.303688
-0.303758
-0.304223
0.304302
-0.30445
0.304804
0.305058
0.305154
0.305401
-0.305581
-0.305933
0.306094
-0.306556
-0.30677
0.306986
0.307392
0.307564
0.307918
-0.30823
0.308756
0.308861
0.309357
0.309639
-0.309702
-0.309887
0.310207
-0.31034
-0.311204
-0.311536
-0.31206
-0.312616
-0.312727
-0.313278
-0.313408
0.313601
0.313842
0.313961
-0.314009
0.314755
-0.314968
0.315682
-0.315763
-0.316158
0.316498
0.31692
0.317532
-0.317769
0.31791
-0.318058
0.318361
-0.318474
-0.318603
-0.319283
0.319654
0.320093
0.32039
-0.320597
-0.32081
0.321123
-0.321435
0.321684
0.322164
0.322659
0.322987
0.323234
-0.323855
0.324118
0.324262
0.324766
0.325836
-0.326093
-0.326315
0.326449
0.326622
-0.327156
0.327204
-0.328076
0.328093
0.328293
-0.328899
0.329048
0.329826
-0.330232
-0.33039
0.330426
-0.330545
-0.33082
-0.330935
0.33104
0.331199
0.331535
0.331945
-0.332107
0.332885
0.333124
0.33365
-0.333963
-0.334036
-0.334306
-0.33448
0.335548
-0.33604
-0.336335
0.336956
0.337036
0.337518
0.337534
-0.337727
0.338608
-0.338646
-0.338792
-0.339504
-0.339804
0.340216
-0.34035
-0.340517
-0.34083
-0.341521
-0.341748
0.342355
-0.34243
-0.34278
-0.34303
0.343229
0.343496
-0.343735
0.343825
0.344149
-0.344342
0.344385
0.344646
0.344677
0.34555
-0.345938
-0.346008
-0.346284
-0.34699
-0.347136
0.347253
-0.347734
-0.348205
-0.34841
-0.348571
-0.348654
-0.349048
0.349118
-0.349428
0.349701
0.349854
-0.349992
0.350323
0.351046
-0.351375
-0.352002
-0.352936
-0.35313
0.353208
-0.353573
0.354069
-0.354376
0.354638
-0.35475
0.354896
0.355087
0.355217
0.355402
-0.355708
0.356439
-0.356927
-0.357158
0.35767
-0.35791
0.358
0.358316
-0.358966
0.35924
0.359344
0.359744
0.359934
0.360267
0.360579
-0.360631
0.36116
0.361201
0.361378
-0.361517
-0.36205
-0.362887
0.363367
0.363738
0.364092
-0.364322
-0.364637
0.365248
-0.365378
-0.365668
-0.366309
-0.366408
-0.366483
0.366873
-0.367402
0.36756
-0.367711
-0.367901
-0.368226
0.368389
0.368425
-0.369041
0.369294
0.369375
0.369714
-0.369996
0.370067
0.370197
0.370278
0.370531
0.370636
0.370946
0.371018
0.371297
-0.371747
0.372037
0.372326
-0.37252
-0.37278
0.37336
0.373504
0.373798
0.374798
-0.375048
-0.375127
-0.375376
0.375646
0.376037
0.376124
-0.376725
-0.37703
-0.378239
0.378436
0.378889
0.379122
-0.379532
-0.379793
0.380053
-0.380481
0.381006
-0.381247
0.381472
-0.381704
-0.381775
-0.382234
0.382563
0.382809
-0.383551
0.383751
-0.384162
-0.384785
-0.385111
0.385508
0.385537
0.385906
0.385971
0.38601
-0.3861
0.386558
-0.386861
-0.386917
0.387005
0.387137
0.387476
-0.388497
-0.388589
0.388804
0.389221
-0.389523
0.390266
-0.390553
0.390618
0.391499
-0.391897
-0.392242
-0.39234
-0.392729
-0.392865
0.393156
0.393904
-0.394672
0.394799
-0.39497
-0.395193
-0.39547
0.396038
0.396176
-0.396289
-0.396442
-0.39669
0.396928
0.397215
-0.397449
0.397888
-0.398799
-0.399328
0.399726
-0.399809
-0.400113
0.400413
0.401021
0.401266
-0.401368
-0.401476
-0.401725
-0.401945
-0.401989
0.402254
0.402781
0.403193
-0.403782
0.404342
0.404476
-0.404525
-0.404741
-0.404917
-0.405241
0.405419
0.405623
0.406342
-0.406719
0.407006
-0.407227
-0.407439
0.40754
0.407622
0.408046
-0.408204
0.40827
0.409133
0.409578
0.40962
-0.409736
0.410713
0.410846
0.411121
0.411171
0.411645
-0.412283
0.412402
0.412637
-0.413163
0.413359
0.414337
0.41449
0.414806
0.415049
-0.415311
-0.415623
-0.416179
-0.416298
-0.416684
-0.417105
0.417603
0.417829
0.417925
-0.418623
0.419158
-0.419454
-0.419515
-0.420135
-0.420266
-0.420478
0.420522
-0.421008
-0.421238
0.421356
-0.421415
0.421784
0.421888
-0.422311
-0.422624
-0.422958
0.423261
-0.423894
-0.424415
0.424888
0.425317
-0.42581
-0.425897
0.42604
0.426471
0.42654
-0.426978
-0.42766
-0.428188
0.42828
0.42853
-0.429384
0.429838
0.430602
-0.430652
-0.430943
-0.43124
0.431385
-0.432154
0.43225
-0.432376
-0.433232
0.433381
-0.434532
-0.435308
-0.435657
-0.435934
-0.436083
-0.437873
-0.438236
-0.438605
-0.438906
-0.439433
0.439522
0.440108
-0.440402
0.440547
0.440718
-0.440944
0.441325
-0.442082
0.442787
-0.443437
0.443926
0.44425
0.445209
-0.445657
-0.446177
0.446533
-0.447511
-0.447694
0.448859
-0.449021
0.449037
-0.450156
-0.450503
0.450701
-0.451009
-0.451826
-0.452505
0.453074
-0.453324
0.453607
-0.453771
0.454074
-0.45428
0.454532
0.454907
-0.455242
-0.455365
0.455832
-0.455896
-0.456675
0.45763
-0.457943
0.458046
0.458898
-0.459225
-0.459872
-0.460516
0.460628
0.460671
0.461036
0.461459
-0.461768
-0.46185
0.461939
-0.462013
0.463758
-0.464198
-0.464296
0.464676
0.464884
0.465363
-0.465976
-0.466485
0.466678
0.468241
0.46849
0.468778
-0.468942
0.469189
0.46945
0.470037
0.470851
0.471105
0.471482
0.471635
-0.47212
-0.472613
0.472706
0.472901
-0.473592
-0.473981
0.474331
-0.474668
0.474848
0.475737
0.476115
0.476244
0.47642
0.476793
0.47697
-0.477234
-0.477503
-0.477607
0.478099
0.478847
0.479261
0.479539
-0.479895
-0.480319
-0.480607
-0.48071
0.480969
0.48113
0.481314
-0.481534
-0.481699
-0.481773
0.481909
-0.482495
-0.482614
-0.482987
0.483037
0.48331
-0.483679
0.484533
-0.484697
-0.484933
0.485426
-0.485962
-0.486432
-0.486663
0.487093
-0.487604
-0.487854
0.488012
0.488358
0.488531
-0.489531
0.490065
-0.490719
-0.491218
0.491419
-0.491871
-0.492191
0.492416
0.492522
-0.492969
0.493443
0.493566
-0.493743
0.494027
0.494372
-0.494743
-0.495359
-0.495623
0.496121
0.496442
-0.49684
-0.498227
-0.498472
0.49875
0.499058
0.499321
0.499911
0.500265
0.500415
-0.501304
-0.50174
0.502104
0.503217
0.503361
-0.503945
0.504541
0.504825
0.50518
0.505526
0.505607
-0.506363
-0.50647
-0.506556
0.507666
-0.507955
-0.508045
0.508188
0.508531
0.508685
-0.509095
-0.509521
-0.50958
0.510073
-0.51014
-0.510362
-0.510463
0.511215
0.511591
-0.512125
0.512249
0.512931
0.513272
-0.51367
0.513761
0.513767
0.514147
0.514527
-0.514674
0.515454
0.515562
0.516282
-0.516431
-0.516906
-0.517276
-0.517547
-0.517598
-0.518576
-0.518695
0.519177
0.519314
-0.519412
0.519716
0.520261
-0.520647
0.520834
-0.520984
-0.521456
-0.521722
0.522898
0.523221
0.523915
0.524443
-0.524688
0.525223
0.526223
-0.527088
0.527346
-0.52757
0.528212
0.528423
0.528473
-0.528762
-0.529092
-0.529391
0.529808
-0.530169
-0.530262
0.530724
-0.531202
-0.531501
0.532519
0.532988
-0.533635
0.533837
-0.534417
-0.534489
0.534855
0.535735
0.536615
0.536735
-0.538454
-0.53855
0.538811
0.539229
0.539774
-0.540361
-0.540603
0.540749
0.540884
0.541501
-0.541615
-0.542314
0.542597
0.543258
0.543463
-0.543803
-0.544359
-0.545072
-0.545218
0.546323
0.546583
0.54709
-0.547147
0.547494
-0.548306
-0.548649
-0.548852
-0.549671
0.549896
-0.55011
-0.550646
-0.550945
0.551172
-0.551473
0.551908
-0.553359
0.553857
-0.554652
0.554982
-0.555742
-0.556426
-0.556701
-0.556833
0.557147
-0.557723
-0.559356
-0.559543
-0.559733
-0.56047
0.560923
0.561092
-0.561363
-0.561615
0.562277
-0.562357
-0.563257
0.563391
-0.563526
-0.563595
0.563918
0.564625
-0.564851
-0.56498
0.565237
-0.566254
-0.567398
-0.567751
0.567776
-0.567981
-0.568494
0.569073
0.569421
0.569614
-0.569854
0.570201
0.57029
0.57075
-0.571164
0.571882
0.572137
0.573048
0.573323
0.574597
-0.575169
-0.575334
-0.576273
0.576563
-0.57722
-0.577573
-0.578555
-0.578848
-0.578995
0.579052
-0.579283
0.579788
0.580434
-0.580666
0.581203
0.581479
0.581557
-0.582161
0.582698
-0.583298
0.58332
0.583967
-0.584091
0.584255
0.584539
-0.584677
-0.585394
0.586252
-0.586543
0.587111
0.587699
-0.588075
0.588454
0.589479
-0.589674
0.590112
-0.590332
0.59069
0.590962
-0.591099
-0.59159
0.591742
-0.592189
0.593433
-0.593606
-0.594285
-0.594375
0.595518
-0.596364
0.59721
0.597559
0.597873
-0.598181
0.598378
-0.59863
-0.599324
-0.599908
-0.600111
-0.600428
-0.600837
-0.60117
0.601356
0.601909
-0.602508
0.602995
0.603068
0.60325
0.603396
-0.603532
0.604507
0.605219
0.60567
0.60589
0.606454
-0.606834
-0.607245
0.607432
0.608112
-0.608289
0.608604
0.608951
-0.609648
0.610002
-0.610478
0.610821
0.611156
0.612577
-0.612867
0.613098
-0.613485
0.6136
-0.613713
-0.614971
0.615852
-0.616104
0.616197
0.616275
-0.616435
0.616753
-0.617026
0.617105
-0.617664
0.618019
0.618233
-0.618519
-0.619077
0.619312
0.619915
-0.620085
-0.620687
0.621133
-0.621403
0.6218
0.622439
0.622774
0.622892
-0.623215
-0.623406
0.623428
-0.624124
0.624646
-0.625055
-0.625598
0.62583
0.62606
-0.626438
-0.62731
-0.627976
0.628239
0.629215
0.629925
0.63032
0.630665
-0.631018
-0.631243
-0.631512
-0.632656
0.633507
-0.633733
0.633829
0.634023
0.635402
-0.636082
0.636804
-0.637134
0.637829
-0.638759
-0.63935
-0.640188
0.640924
0.641013
0.641895
0.642272
-0.642742
0.643336
0.643486
-0.644089
0.644828
-0.644862
-0.6451
-0.645519
-0.645756
-0.645941
0.646642
-0.647354
0.648482
-0.649324
-0.649749
0.650931
0.651159
-0.65158
0.651875
0.652269
0.652859
0.652904
0.653469
-0.654267
0.654461
0.654682
0.655207
-0.655553
-0.657299
0.657335
-0.657532
-0.657832
0.658093
0.658741
-0.6596
0.65971
0.659897
0.661348
0.661605
0.661842
0.662338
-0.662528
-0.663417
-0.663618
0.6638
-0.663981
0.664103
-0.66453
-0.664907
-0.665187
0.665731
-0.665887
0.666985
0.667589
0.66821
0.668842
0.669748
0.670342
-0.671282
-0.672817
0.67292
-0.673106
-0.673335
-0.673363
-0.673659
-0.673879
-0.674154
0.674535
0.675637
0.676079
0.676645
0.676807
0.677229
0.677853
-0.678554
0.678666
-0.679729
-0.680465
0.681112
-0.681305
-0.681929
-0.682313
-0.682589
0.683001
0.683793
-0.684486
0.685025
-0.685364
0.685539
0.685991
0.68658
-0.687293
-0.687925
0.688325
0.688389
-0.689338
0.690042
0.690391
0.690776
-0.69099
0.691289
-0.691377
-0.691402
-0.691989
0.69218
-0.692719
0.693316
0.693911
0.694434
-0.694464
0.69536
-0.695515
-0.695827
0.696398
0.697198
-0.698012
-0.698394
-0.69847
0.699634
0.700192
-0.7012
-0.701792
-0.702182
0.703471
-0.70391
0.704051
-0.704529
-0.704696
0.705138
0.706024
0.706457
-0.708307
0.708488
-0.709555
-0.709839
0.710211
0.711355
0.711839
0.711969
-0.713078
0.71334
-0.713382
-0.714056
-0.715522
-0.715804
-0.71729
0.717682
0.718082
-0.718625
-0.718997
0.719614
0.7201
0.720163
-0.720382
0.720659
-0.722206
0.72234
-0.722894
0.72356
0.724291
-0.72533
-0.725794
0.726876
-0.727781
0.728198
-0.728469
0.72864
-0.728713
0.728953
-0.729013
0.729495
0.729866
0.730138
-0.730698
-0.731381
-0.731846
0.732087
0.732668
-0.733345
0.733821
-0.734236
0.734732
0.735393
0.735875
0.737258
0.737486
0.738529
-0.73889
-0.739035
-0.739562
0.740132
0.740374
0.740511
-0.740575
0.740938
-0.741266
-0.741713
-0.741848
-0.741883
0.742878
0.743531
-0.744562
-0.745219
0.745654
-0.746263
0.74642
0.746913
0.747819
0.748099
-0.748974
-0.749254
-0.749425
-0.749829
-0.750239
-0.750594
-0.75097
-0.751694
0.752615
-0.753241
0.753761
-0.754269
-0.754502
-0.754852
0.755267
-0.756038
-0.756721
-0.757149
-0.757457
0.758122
-0.758666
0.759124
0.759365
-0.760534
-0.760805
-0.760959
0.760971
-0.761456
-0.762229
-0.763157
0.763802
0.764432
0.764584
-0.76469
-0.7654
-0.765975
0.766744
-0.767654
0.767824
0.768475
0.769095
-0.769554
-0.770409
0.771006
-0.771722
-0.771889
0.772203
-0.77259
0.772675
0.772949
-0.773493
-0.773914
0.774253
-0.7745
0.774762
0.775381
0.775793
-0.776843
0.777321
0.777343
-0.777587
0.778443
-0.778612
0.779645
0.780066
-0.780777
-0.781193
0.781393
0.781749
0.782338
0.78275
0.783521
0.784421
-0.785131
-0.78567
-0.786231
0.786751
-0.786995
-0.787139
-0.787787
0.788285
-0.789024
0.789584
0.790298
-0.791099
0.79231
-0.793716
0.794058
0.794601
0.795314
0.796031
0.79649
-0.797181
-0.798176
0.798467
0.798784
-0.800794
-0.801328
0.801357
-0.801667
0.802456
-0.803042
0.803424
0.804017
-0.804195
-0.805464
0.80635
-0.807987
0.808642
0.809496
-0.810201
0.810652
-0.811853
0.812298
-0.813708
-0.813899
0.814269
-0.815106
-0.815642
0.816253
-0.816504
0.81677
0.817235
-0.81956
-0.819598
-0.81981
0.819996
-0.820417
-0.821267
0.822375
0.822685
-0.824521
0.825485
-0.825998
0.826451
0.827651
-0.828756
0.83016
0.830695
-0.830902
0.830976
0.83105
0.832204
0.832977
-0.833038
-0.833171
-0.833872
0.834601
-0.834963
-0.835548
0.836272
-0.836587
0.837361
0.837938
-0.838339
-0.839074
-0.839536
-0.840041
0.840361
-0.840607
-0.841032
0.841655
0.842083
-0.842457
0.842725
-0.843006
0.84328
0.843695
-0.844266
-0.844978
-0.846097
-0.846776
-0.847155
-0.847528
-0.847765
0.848265
0.84831
-0.848482
-0.848761
-0.849039
-0.849367
-0.850332
-0.852226
0.852678
0.852804
0.852952
0.853161
0.854211
0.854732
-0.854788
-0.854857
0.854988
0.855394
-0.856785
-0.857014
0.858129
-0.859276
-0.85987
-0.860866
0.861147
-0.861931
-0.862123
-0.862707
0.862742
-0.862899
-0.863201
0.863618
0.864499
-0.864788
-0.865207
-0.866078
-0.866444
0.867093
0.867319
0.86873
0.869001
0.869326
-0.869652
-0.870295
-0.870983
-0.871693
-0.871789
0.872701
0.872885
0.87303
-0.873378
0.87343
0.875681
0.875707
-0.875909
0.877793
0.878442
-0.878986
0.879477
-0.879672
0.880534
-0.881212
0.881391
0.881887
0.88318
0.883276
0.883542
-0.884078
-0.885147
0.88545
0.886286
0.88647
-0.886815
0.887372
0.887722
-0.888184
0.888575
0.889571
0.890417
-0.890897
0.891493
0.892072
0.893062
0.893586
-0.89518
-0.897399
0.898305
-0.898836
-0.899309
-0.899877
-0.900279
-0.901071
0.901565
-0.902351
-0.90253
0.903196
-0.903454
0.903825
0.904758
0.905175
0.905708
-0.906996
-0.907856
-0.907999
-0.908743
0.909237
0.910059
-0.910635
0.91143
-0.911829
0.912313
0.912844
-0.914014
-0.914958
0.91513
0.915787
-0.916117
0.916535
-0.917131
0.917645
0.918019
0.918235
-0.918369
-0.918579
0.918869
-0.919012
0.919082
-0.920294
0.920345
-0.92058
-0.920678
0.921025
0.921471
0.921752
-0.922919
-0.92327
0.923553
0.924121
0.925112
0.926019
-0.926812
0.927029
0.927473
0.928362
-0.928547
-0.928813
-0.929635
0.930135
0.931367
-0.932872
-0.933247
0.933487
0.933995
0.934973
-0.935804
-0.936816
-0.937112
0.938131
0.938591
-0.940307
-0.941704
-0.941844
-0.942749
0.943856
-0.945016
0.945695
-0.946195
-0.946999
0.948144
-0.948771
-0.949393
-0.95024
0.950686
0.95205
-0.952407
0.953634
-0.954492
0.954736
-0.955563
0.956307
0.957215
0.957825
-0.95893
-0.959223
-0.959587
0.960127
-0.960955
0.963143
-0.963195
0.963403
-0.964045
0.964499
0.964714
0.965965
-0.966184
-0.966753
0.966988
-0.967184
0.967732
-0.96801
0.968109
-0.968588
0.970003
0.970839
-0.971324
-0.971764
-0.971945
0.972562
0.972759
0.973318
-0.974948
0.975428
-0.976003
0.976827
0.977143
-0.977998
0.979064
0.980118
-0.980549
-0.981624
-0.981753
-0.982647
-0.983414
-0.983994
0.984504
0.985118
-0.985539
-0.986265
-0.986501
0.98722
-0.987502
-0.987707
0.988208
0.989166
0.99019
-0.991199
0.991674
0.992457
-0.992547
0.993125
0.994087
0.995201
0.996908
0.99845
-0.998744
-0.999154
0.999434
-0.999807
-1.00054
1.00115
1.00124
-1.00238
1.00293
1.00349
-1.00468
1.00491
-1.00644
-1.00711
1.00748
1.0077
1.00877
1.00947
1.00966
-1.01116
-1.01304
-1.01376
1.0138
1.01407
-1.01446
1.01563
1.01708
1.01765
1.01848
1.019
-1.01935
1.01983
-1.02067
-1.02174
-1.02219
-1.02278
1.02461
1.02503
1.02603
1.02669
1.02793
1.0289
1.02937
1.03003
-1.03022
-1.0314
-1.03224
-1.03284
1.03415
1.03443
-1.03525
1.03575
1.03605
1.03621
-1.03741
1.03797
-1.03835
1.03867
-1.03884
1.03964
1.03992
-1.04043
-1.04062
1.04159
-1.04204
1.04225
1.04242
1.04313
-1.0438
-1.04485
1.04527
-1.04624
-1.04654
1.04702
1.04848
-1.0486
1.04885
1.04898
-1.04985
-1.05075
1.05133
-1.05158
-1.05205
-1.05313
1.05332
-1.05337
-1.05367
1.0549
-1.05557
1.05663
1.0568
1.05687
-1.05829
1.06054
-1.06115
1.06205
-1.06225
1.06255
1.06343
-1.06384
1.06416
1.06579
-1.0666
1.06704
-1.0676
-1.06839
1.06876
1.06921
1.07104
-1.07167
1.07236
-1.07275
-1.07311
-1.07387
1.07517
-1.07565
1.07842
1.07909
-1.08018
-1.08069
1.08124
-1.0817
1.08208
1.08269
-1.08455
1.08666
-1.0872
1.08738
-1.08768
-1.08826
1.08901
1.08944
1.09092
-1.09263
1.093
-1.09351
-1.09387
1.09425
-1.09562
1.09605
-1.09716
-1.09732
-1.098
1.09823
1.09848
1.09884
1.1002
-1.10108
-1.10248
-1.10285
-1.10392
-1.10469
1.10525
-1.10559
1.10607
1.10627
-1.10671
-1.10697
1.10739
1.10763
1.10986
1.11
1.11087
1.11193
-1.1123
-1.11276
-1.11319
-1.11445
1.11543
-1.11649
1.11694
1.11779
-1.11807
1.11858
-1.11977
1.12063
1.1233
-1.12438
-1.12655
-1.12743
1.12777
1.12918
1.12934
-1.12946
1.12992
-1.13096
1.13141
1.13223
-1.13266
1.1329
1.13322
1.13429
-1.13447
1.13549
1.13592
-1.13772
-1.13838
-1.13921
-1.13986
-1.141
-1.14145
-1.14172
-1.14298
1.14444
-1.14546
1.14588
1.14619
-1.14665
1.14717
-1.14812
1.14921
1.14964
-1.15049
1.15245
1.1536
1.15426
1.15539
-1.15592
1.15644
-1.15679
1.15705
1.15789
-1.15821
1.15869
1.15886
-1.15912
-1.15936
1.15986
-1.15994
-1.16033
1.16051
1.16076
-1.16235
-1.16285
1.16334
-1.16413
1.16494
-1.16538
1.16682
1.16714
-1.16789
-1.16894
-1.16925
-1.17015
1.17131
-1.17263
-1.17282
1.17338
1.17412
-1.17599
1.17633
1.17659
1.17878
-1.17906
-1.17992
-1.18106
1.18178
-1.18219
-1.18264
-1.18368
-1.1854
1.18697
1.1873
1.18779
1.1884
-1.18889
1.18934
1.19039
-1.19051
-1.19085
1.19128
-1.1916
1.19203
1.19301
1.19392
-1.19479
1.19541
-1.19578
-1.19615
1.19719
1.19828
-1.19962
-1.20032
-1.20133
-1.20252
1.20298
-1.20322
1.20354
1.20451
-1.20536
1.20617
1.20635
1.20701
1.20779
1.20825
1.2086
1.20881
-1.20974
-1.21025
-1.21095
-1.21273
1.21299
1.21337
1.21364
-1.21457
-1.21506
1.21587
-1.2165
1.21732
1.2182
1.21936
1.21968
-1.22083
-1.22265
1.22396
1.22422
-1.22443
1.2247
1.2253
-1.22618
-1.22685
-1.22697
1.22772
-1.22989
-1.23035
-1.23062
1.23135
-1.23173
-1.23198
-1.23278
1.23358
1.23395
-1.23443
-1.23469
1.23518
1.23617
1.2367
-1.23796
-1.23893
-1.23931
1.24055
-1.24108
1.24175
1.24229
1.24269
-1.24449
1.2452
-1.24601
-1.24649
-1.2488
-1.24923
-1.24968
1.25044
-1.25259
1.25375
1.25488
-1.25561
-1.2561
-1.25662
-1.25831
-1.25892
-1.2601
1.26086
-1.2618
1.26181
1.2619
-1.2628
-1.26309
1.2642
1.26474
-1.26557
1.26607
1.26717
1.26722
1.26843
1.26934
1.26971
1.26975
1.27144
-1.27165
1.27225
-1.273
1.27398
-1.27564
-1.27797
-1.28019
1.2807
-1.28131
-1.28172
-1.2829
1.28388
-1.28418
1.28525
-1.28679
-1.28686
-1.28721
-1.28822
1.29013
-1.29161
-1.2932
1.29404
1.29481
1.29549
-1.29558
1.29588
-1.29691
-1.29736
-1.29749
1.29871
-1.29932
1.29966
1.3
-1.30046
1.30059
1.30163
-1.30265
-1.30271
-1.30358
1.30506
1.30557
-1.30686
1.30765
1.30995
1.31017
1.31075
-1.31124
-1.31228
-1.31252
-1.31325
-1.31374
1.31403
-1.31466
1.31582
-1.31615
-1.31669
1.31679
1.31867
-1.31874
1.3197
-1.31998
-1.32058
-1.32103
-1.32158
-1.32174
1.32189
-1.32211
-1.32316
1.32381
-1.32462
1.32523
1.32624
-1.32823
-1.32858
1.32935
1.33065
1.33116
-1.33255
1.33314
1.33373
1.33465
-1.33554
1.33638
1.33654
1.33665
1.33793
-1.33875
-1.33939
1.34008
1.34105
-1.34115
-1.34243
-1.34311
1.34512
1.34575
-1.34724
1.34739
-1.34788
1.34858
-1.34902
-1.3492
1.34985
-1.35138
1.35161
-1.35264
1.35366
-1.3543
-1.35539
-1.35597
-1.35615
-1.35681
1.35714
1.35865
-1.35886
1.36116
1.36136
1.36221
1.36247
1.36305
-1.36477
-1.36632
-1.36652
1.36762
1.36899
-1.37002
-1.37017
1.37142
-1.37232
-1.37309
-1.37338
1.37402
1.37419
-1.37509
-1.37573
-1.37614
1.37681
1.37739
-1.37818
-1.37963
-1.38066
-1.38227
-1.38273
1.38362
-1.38428
1.38597
-1.38619
-1.38706
-1.38857
1.38919
1.38989
1.38999
-1.39154
1.39283
1.39393
1.39455
-1.39521
-1.39579
-1.39745
-1.3987
1.39883
1.39955
1.39988
-1.40026
1.40184
1.40203
1.40372
-1.40441
-1.40567
1.40742
-1.40867
1.40916
1.41014
1.412
1.41302
1.41313
1.41346
1.41399
-1.41543
1.41627
1.41744
1.41924
1.41995
-1.42061
-1.42149
1.42185
-1.42273
1.42404
-1.42536
-1.42641
1.4271
1.42863
-1.42946
-1.43052
-1.43152
-1.43372
1.43409
-1.43646
1.43726
1.43737
-1.43812
1.43898
1.4396
1.43982
-1.44037
-1.44057
-1.44084
1.44096
1.44202
1.44302
1.44428
-1.44521
-1.44691
-1.44821
-1.44845
1.44972
1.4507
-1.45159
1.45208
-1.45341
-1.45522
-1.45669
1.45855
-1.45953
-1.46019
-1.46116
-1.46352
1.46393
-1.46487
-1.46631
1.46694
-1.46873
-1.46895
-1.46951
-1.47067
-1.47332
-1.47377
-1.4743
1.47453
-1.47498
1.4761
1.47745
-1.4798
-1.48004
-1.48181
-1.48223
1.4825
1.4836
1.48388
1.48445
1.48547
-1.48577
1.48676
-1.48814
1.48901
1.48926
-1.49105
1.49146
-1.49252
-1.49281
-1.493
1.49424
1.49592
-1.49653
1.49778
-1.49858
-1.49878
1.50019
1.50088
1.50137
1.50197
1.50218
1.50261
-1.50275
1.50481
-1.50528
-1.50734
-1.50779
1.50819
-1.50835
1.50903
1.51039
-1.51098
1.51189
-1.51244
1.51281
-1.515
1.51611
-1.51755
1.51775
1.51792
1.51898
-1.51972
-1.5213
-1.52205
1.5222
-1.52434
-1.52478
1.52547
-1.52616
-1.52751
-1.52787
-1.52847
-1.52906
1.52938
-1.53106
-1.53197
1.53326
1.53415
1.53616
1.5364
1.53705
1.54013
-1.54091
1.54148
1.5423
1.54402
1.54443
-1.54531
1.54594
1.5465
1.54808
1.55
1.5501
1.55103
1.55313
1.55382
1.55528
1.55597
-1.55622
1.55731
-1.55886
1.55943
1.561
1.56105
1.56146
1.56216
-1.56286
1.5638
1.56515
-1.56646
1.56849
1.5704
-1.57161
-1.57331
-1.57429
-1.57444
-1.5751
-1.57633
-1.57756
-1.57803
-1.5782
1.57834
-1.57922
-1.57954
1.58095
-1.58169
-1.58284
1.58513
1.58545
1.5857
1.58607
-1.58712
1.58886
1.5894
-1.58967
1.58984
1.59034
1.59175
1.592
-1.59272
-1.5957
-1.59628
-1.59649
1.59734
-1.59863
-1.5991
-1.59985
-1.59998
-1.60185
1.60285
-1.60394
-1.60534
1.60574
-1.60586
-1.6076
-1.60799
1.60851
-1.61075
-1.61336
-1.61409
-1.61478
1.61516
1.61588
-1.61752
-1.61819
1.61992
1.62178
-1.62236
-1.62436
-1.62513
-1.62585
1.62668
-1.62779
1.62856
1.6303
1.63125
1.63166
1.63259
-1.63315
-1.63349
1.6345
1.63502
-1.63641
1.63668
-1.63707
1.63796
-1.63832
1.63838
-1.63918
1.64008
1.64157
-1.64234
1.64311
-1.64507
-1.64776
-1.64845
1.64931
1.6496
-1.65031
-1.65081
1.65189
1.65249
1.65288
1.65352
1.65462
1.65567
-1.65615
-1.65694
1.65728
-1.66033
-1.66188
1.66275
-1.66345
1.66416
1.66475
-1.66665
-1.66707
-1.66762
1.66788
1.67022
-1.6705
1.67097
1.67221
1.67324
-1.6747
1.67493
-1.67529
1.6766
-1.67809
1.67835
-1.679
-1.68024
-1.68111
-1.6826
1.68298
1.6835
1.68446
1.68642
-1.68732
1.68918
1.69077
1.69144
1.69229
-1.69379
1.69404
1.69441
-1.69562
1.69655
-1.69803
-1.69912
1.6997
1.70065
1.70285
-1.70341
-1.70407
-1.70549
-1.70658
1.70717
1.71005
1.71071
-1.71121
-1.71351
1.71523
1.71891
1.71945
1.71974
1.72009
-1.72213
-1.7228
-1.7235
-1.72608
1.72672
1.72949
1.73009
1.731
-1.73173
-1.73218
1.73328
1.73447
-1.73455
1.73572
-1.73692
-1.7382
1.73911
1.73995
-1.74118
1.74145
1.74214
-1.74306
1.74458
-1.74592
1.74728
-1.74824
-1.74873
1.74938
-1.75021
-1.75298
-1.75378
1.75518
1.75763
-1.75859
-1.75929
-1.76102
1.76267
-1.76323
-1.76552
-1.76583
-1.76671
1.7689
-1.76976
-1.77001
1.77039
-1.77105
-1.77127
-1.77356
1.77437
-1.77529
1.77563
-1.77673
1.77885
1.77972
1.78142
-1.78287
1.78325
-1.78355
1.78466
-1.7865
1.78704
1.78821
-1.78878
1.7894
-1.79162
1.79254
1.79469
1.7955
-1.79701
-1.79734
-1.79838
1.79886
-1.79919
-1.80039
1.80267
-1.80305
1.80414
1.80583
-1.80672
-1.80716
1.80764
1.80785
-1.80813
-1.80904
-1.81103
1.81166
1.8122
-1.81335
-1.81425
-1.81497
1.81718
-1.81771
-1.81783
-1.81849
-1.81963
-1.82085
1.8213
-1.8228
-1.82529
-1.82563
1.82647
1.82814
-1.82846
-1.82915
1.82983
1.83024
1.83112
1.83147
-1.83509
-1.83812
-1.83949
-1.84194
-1.84248
1.84315
-1.84339
-1.84396
-1.84586
1.84708
-1.84794
-1.84831
1.84956
-1.85065
1.85237
1.85365
1.85476
-1.85496
-1.85539
-1.85595
-1.85648
1.85671
1.85867
-1.85978
-1.86137
-1.86389
1.86437
-1.86474
1.86614
1.86655
1.86696
-1.86747
1.86846
1.8694
1.87083
1.871
1.87221
1.87329
1.87774
1.87851
1.87917
1.87979
-1.8801
-1.88144
-1.88193
-1.88358
1.88395
-1.8856
1.88705
-1.88918
-1.88966
1.8905
1.89192
-1.89226
-1.89285
-1.89355
1.8945
1.89494
1.89669
-1.89774
-1.89984
-1.8999
1.90017
1.9011
-1.90187
-1.90243
1.90356
1.90591
-1.9068
-1.90846
-1.90917
1.90992
1.91051
-1.91599
-1.91765
-1.91844
1.91964
-1.91975
1.92088
-1.9221
-1.92252
1.92346
1.92479
-1.92712
-1.92737
-1.92777
-1.9283
-1.92927
-1.92998
-1.93045
-1.93145
-1.93205
1.93249
1.93287
1.9334
-1.9337
1.93516
-1.93551
-1.93573
-1.93575
1.93758
1.93796
1.94043
1.94143
-1.94208
1.94575
1.94811
-1.94819
-1.94951
1.95154
1.95308
1.95493
-1.95705
-1.95776
-1.96008
-1.96018
1.96165
1.96427
1.96624
-1.96675
1.96723
1.96868
1.9691
1.97
-1.97068
1.97235
-1.97416
1.97496
-1.9754
-1.9771
1.97809
-1.97825
-1.97859
-1.98015
1.98339
-1.98536
1.98626
1.98729
-1.98799
-1.99062
-1.99132
-1.99222
1.99369
1.99473
-1.995
1.99705
-1.99813
-2.00102
2.00237
-2.00587
2.0064
2.00763
-2.00959
-2.01108
-2.01188
-2.01318
2.01424
2.01447
-2.01495
-2.01575
2.01816
-2.01887
-2.02017
2.02147
-2.02211
-2.02279
2.02372
2.02576
2.027
2.02824
-2.02921
-2.02957
2.03075
-2.0309
-2.03117
2.03126
-2.03198
-2.03256
2.03312
2.03427
-2.03492
-2.0374
-2.03878
-2.04038
-2.04146
2.04228
2.0433
-2.04428
2.04634
-2.048
2.04905
2.04975
2.0513
-2.0516
-2.05302
2.05507
-2.05657
2.05747
-2.05805
-2.05834
2.06002
-2.06159
2.06337
2.06401
2.0649
2.06528
-2.06889
-2.06969
2.07109
2.07128
2.07157
2.07221
-2.0746
-2.07563
2.07721
-2.07733
-2.08119
-2.08301
-2.08355
-2.08511
2.08523
2.08619
2.08626
2.08809
-2.08894
-2.08983
-2.0921
-2.09353
-2.09464
2.09656
2.09685
2.09785
-2.09936
2.10074
-2.1025
-2.10463
2.10613
2.10626
2.10661
2.10805
-2.1101
2.11028
-2.11287
-2.11318
2.11529
2.1203
2.12167
2.12259
-2.12417
-2.12468
2.12521
2.12592
-2.12901
-2.13114
-2.13129
-2.1317
2.13324
2.13343
2.13516
-2.13611
2.13651
2.13879
-2.1404
2.14091
-2.1416
-2.14264
-2.1435
-2.1447
2.14495
-2.14617
-2.14817
2.14846
-2.14934
-2.15135
2.15312
2.15319
2.15664
-2.15799
2.15936
2.15972
-2.16102
2.16142
-2.16277
2.16402
2.16531
-2.16566
2.16606
-2.16652
-2.16866
-2.1696
2.17067
-2.1728
2.17317
-2.17349
-2.17412
-2.17483
2.17637
2.17676
-2.17764
-2.17878
-2.17962
-2.1802
-2.18073
2.18148
2.18228
2.18333
2.18391
-2.18433
2.18677
-2.18769
-2.18826
2.18905
2.19052
2.1918
2.19378
-2.19476
2.19581
-2.19723
2.19844
2.20032
-2.20054
2.2044
-2.20497
2.20519
2.20587
2.2081
-2.20896
-2.21042
2.21156
-2.21408
-2.2142
-2.21463
-2.21477
-2.21647
-2.21673
-2.21706
-2.2187
2.21944
-2.21965
2.22022
-2.22062
2.22261
2.22369
2.22561
-2.22622
-2.23007
-2.23117
2.23271
-2.23461
2.2363
-2.23727
2.23942
-2.23957
-2.24027
2.24102
-2.24122
2.24263
2.24287
2.24508
2.2469
-2.24742
2.24821
2.24952
2.25059
2.25138
2.25327
-2.2542
-2.2558
2.25604
-2.25737
2.25832
2.25851
-2.25956
2.26171
-2.26285
2.26386
-2.26492
2.26527
-2.26569
-2.26617
-2.26649
2.26914
-2.27039
2.27337
2.27392
-2.27495
2.27659
2.27715
2.27758
2.27821
2.27851
-2.27909
2.27987
-2.28052
-2.28144
2.28289
-2.28414
2.28562
-2.28843
-2.28954
2.29
2.29115
2.29143
2.29181
-2.29194
-2.29226
-2.29407
-2.29485
2.29735
2.29857
-2.2993
-2.29973
-2.30065
-2.30127
2.30178
-2.30242
2.30339
-2.3045
-2.30545
2.30623
-2.30755
2.30852
-2.3092
-2.31096
2.3112
2.31349
-2.31363
2.31528
2.31616
2.31704
-2.31879
-2.32241
2.32436
-2.32476
2.32577
-2.32619
-2.32686
2.32862
2.32938
-2.32949
-2.33147
2.33426
2.33485
2.33621
-2.33681
2.33742
-2.33788
2.33895
2.33975
-2.3402
2.34143
2.34299
-2.34543
2.34649
2.34743
-2.34795
-2.35024
2.35093
-2.35332
2.35492
2.35626
2.35668
2.35755
-2.36024
-2.36312
2.36343
2.36417
-2.36448
2.36483
2.36504
-2.36647
-2.36772
2.36802
-2.36856
2.37023
-2.37079
2.37162
-2.3726
-2.3738
2.37575
2.37866
-2.37926
-2.38026
-2.381
2.38216
-2.38454
2.38499
2.38714
2.38739
-2.3885
2.39026
2.39075
2.39159
-2.3929
-2.3938
2.39629
2.39813
2.39905
-2.40325
2.40434
2.4066
2.40787
2.41128
-2.41623
-2.41939
-2.42117
-2.42235
2.42402
-2.42551
-2.42616
2.42682
-2.42765
2.43033
-2.43157
-2.4333
2.43551
2.43624
2.44089
-2.4429
2.44392
2.44442
2.44538
2.44681
-2.4482
-2.45343
-2.45364
2.45381
-2.45511
2.45596
2.45818
2.45879
-2.45959
-2.46031
-2.46073
-2.46138
-2.46239
2.46379
2.46462
-2.4656
-2.46772
2.46897
2.46997
-2.47012
2.47193
2.47332
2.47689
2.47915
2.47971
2.48053
-2.48141
-2.48355
2.4842
-2.48436
2.48666
2.48996
2.49057
-2.49166
2.49201
2.49359
2.49442
-2.49478
-2.49553
-2.49687
2.49717
-2.49899
2.49914
-2.49998
2.50118
2.5029
-2.50368
2.50504
2.5054
-2.50629
2.5064
-2.50704
-2.5074
2.50836
-2.51246
-2.51441
-2.51754
-2.51965
2.52043
2.52333
-2.5246
-2.52548
2.52681
2.52787
-2.5284
-2.53
-2.53152
2.53215
-2.5341
2.53539
2.53583
-2.53684
2.53691
-2.53785
2.53864
2.53993
2.54084
-2.54118
2.54256
2.54459
2.54518
-2.54692
-2.54844
2.5486
-2.54969
-2.5509
2.55285
2.554
-2.55455
-2.55563
2.55853
2.55888
-2.56152
2.56235
2.56588
2.56605
2.56874
2.57206
-2.57319
2.57473
2.57746
-2.57809
-2.57886
2.58039
-2.5814
-2.58143
-2.58446
-2.58669
2.58839
2.5889
2.5929
2.595
-2.59516
2.59703
2.59715
2.59853
-2.59903
2.60275
-2.60484
-2.60604
2.60755
-2.60958
2.61397
2.6153
2.61672
2.61786
2.62164
-2.62652
-2.62723
-2.62957
-2.63353
-2.63467
-2.63661
-2.63854
2.63934
2.64286
2.64516
2.64766
-2.6488
2.65061
2.65158
-2.65373
2.65526
-2.65645
2.65894
2.65964
2.66037
2.6615
-2.66293
-2.66339
-2.66462
-2.66474
-2.66549
-2.66623
2.66761
2.66904
2.67033
2.6727
2.67532
-2.67637
2.67818
2.67867
2.67922
-2.67951
2.68189
-2.68244
-2.68394
-2.68498
2.6861
-2.68695
-2.69049
2.69147
-2.69308
-2.69485
-2.69505
2.69631
2.69761
-2.70108
-2.70288
2.70374
-2.70483
2.70626
-2.709
2.71041
-2.71178
2.71299
-2.71341
-2.71386
-2.71555
2.71564
-2.7181
2.7188
2.72149
2.72188
2.72399
2.72604
2.72909
-2.72939
-2.73026
-2.73119
2.73225
2.73283
2.73329
2.73587
-2.73783
2.73842
2.74136
-2.74225
-2.7439
2.74566
2.74739
2.74798
-2.74895
2.74974
2.75042
-2.75234
2.75448
2.75512
-2.75714
2.76315
-2.76522
2.76575
2.76868
-2.76937
-2.76959
-2.77142
2.77274
2.77631
2.77744
-2.77911
2.7821
2.78258
2.78408
2.78551
-2.78818
2.78893
2.78976
2.79036
-2.79461
-2.79691
2.79897
-2.79941
-2.80119
-2.802
-2.80235
2.80407
-2.80774
-2.81154
2.81376
2.81489
-2.81586
2.81678
2.81831
2.82134
-2.82172
-2.82357
-2.82715
-2.82927
2.83064
-2.83254
2.83262
2.83328
-2.83436
-2.83461
2.8352
2.83763
2.84052
2.84122
2.84268
-2.84327
2.84516
-2.84577
2.84693
-2.84805
-2.85052
-2.8521
-2.85457
2.85658
2.85837
2.86048
2.86135
2.86347
2.86624
2.86777
2.86973
2.87014
2.87112
-2.87249
-2.87412
2.87662
2.87857
2.88079
2.88136
2.88179
2.8822
-2.88361
2.8845
2.88644
2.88701
-2.88798
2.88889
2.89112
2.89269
2.89419
2.89612
2.89646
-2.89811
-2.89949
-2.90254
2.90466
2.90639
-2.90972
-2.91251
-2.91277
-2.91385
2.91592
-2.9173
2.91851
-2.92006
-2.92128
-2.92363
-2.92445
-2.92556
-2.92698
-2.93067
2.93128
-2.93525
2.9407
-2.94172
-2.94299
-2.94421
-2.94478
-2.94627
-2.948
-2.94977
-2.95178
2.95274
2.95306
2.95457
-2.95681
-2.95767
2.95814
2.96052
-2.96209
-2.96283
-2.9631
2.96393
-2.96686
-2.96782
2.96983
2.97064
2.97243
2.97407
2.97733
2.97991
-2.98206
-2.98305
2.98581
-2.99031
-2.99129
-2.99194
2.99335
-2.99448
3.00074
-3.00462
3.00604
3.00648
-3.00736
-3.00782
-3.01235
3.01278
3.01338
-3.01377
3.01724
-3.01836
-3.02079
3.02229
3.02423
-3.02542
-3.02715
-3.02803
3.02952
3.03017
3.03077
-3.03082
3.03461
-3.03508
-3.03539
3.03687
3.03855
3.03906
-3.04017
-3.04639
-3.05095
3.0515
3.0521
3.05357
3.05523
3.05646
3.05683
-3.05839
3.06167
3.0634
3.06546
-3.06827
3.07061
-3.07185
3.07266
-3.07461
3.07543
3.07733
3.07848
3.08261
-3.08341
-3.0853
3.0863
3.0886
3.08906
3.08925
-3.0937
-3.0941
-3.09676
3.09702
-3.09794
-3.09857
3.09929
-3.10106
3.10229
3.10432
3.10678
-3.10876
-3.11023
3.11198
3.11239
3.11404
3.1156
-3.1163
-3.11882
3.12187
-3.12216
-3.12345
-3.12449
3.12719
-3.12733
3.132
-3.13457
3.14108
3.1435
-3.145
3.14577
-3.14835
-3.14959
-3.15023
-3.15145
-3.15549
3.15633
-3.15715
3.15913
-3.15993
3.1618
-3.16366
3.16507
3.17187
3.17235
3.17961
3.18072
3.18159
3.18255
3.18334
-3.18383
3.18661
3.18721
3.18945
-3.19034
3.19156
3.1931
-3.19417
3.19647
-3.20069
-3.20261
3.20448
3.20593
3.20626
3.20985
3.21119
3.21134
3.21279
-3.21399
3.21451
-3.21786
3.21936
3.21952
-3.2211
-3.22297
3.22367
3.22508
3.22567
3.22697
-3.22854
-3.23023
-3.23132
3.2333
-3.23427
3.23511
3.23627
3.23766
-3.23969
-3.24216
-3.24562
-3.24824
3.252
3.25304
3.2581
-3.25919
-3.26129
-3.26147
-3.26258
3.26307
3.26512
3.26951
3.27316
3.27383
3.27611
-3.2774
-3.2778
3.28043
-3.28211
3.28786
3.28867
-3.29104
3.29206
3.29721
-3.30051
-3.3022
3.30297
-3.30552
3.30672
3.30912
-3.31424
3.31469
-3.31607
-3.32056
3.32552
3.32599
3.32771
3.32859
-3.33024
-3.33292
-3.3348
3.33597
-3.33753
-3.33819
3.34227
3.34413
-3.3447
3.34655
-3.35
3.35209
-3.3537
3.35431
-3.35599
3.35642
3.3567
-3.35813
-3.36321
-3.36679
3.3691
-3.37403
-3.37419
3.37696
3.37842
3.37985
3.38047
-3.38496
3.38899
3.39139
3.39258
3.3964
-3.39816
3.39958
3.40098
3.4021
-3.40233
3.41108
3.41223
-3.4148
-3.41641
-3.41702
-3.42102
-3.42339
3.42625
3.42778
3.42877
-3.43026
3.43178
-3.433
-3.43392
-3.4353
3.43731
-3.43981
-3.44125
3.4427
3.44928
3.45051
3.45292
3.45492
-3.45616
3.45824
3.45846
-3.46083
-3.4635
3.46496
-3.4654
3.46706
-3.46722
3.46986
3.47055
3.4723
-3.47451
3.47727
3.47917
-3.48288
-3.48358
-3.48484
-3.48629
-3.48963
3.49383
3.49625
-3.49849
3.49942
-3.50138
-3.50312
-3.50588
3.5138
3.515
3.51555
-3.51559
-3.5182
3.51933
-3.5238
3.52568
3.52705
-3.5335
-3.53605
-3.5368
-3.54293
3.54795
3.54836
3.5512
-3.55223
-3.5533
3.55455
-3.55465
3.55678
-3.56
3.56004
3.5607
-3.56335
3.56688
3.56786
3.5689
-3.57067
-3.57109
-3.57417
-3.57553
-3.57725
3.58175
3.58305
3.58414
3.58444
-3.58652
-3.58971
3.59034
3.59389
-3.59452
3.59986
3.60048
-3.60187
-3.60429
3.60536
3.60622
3.60773
3.60962
3.61022
3.61113
-3.61186
3.61339
-3.61757
3.61903
-3.62037
3.62474
-3.63001
-3.63222
3.63264
3.63359
-3.63654
-3.63815
-3.63848
-3.63986
3.64231
3.64524
3.64544
-3.64754
3.64958
3.65353
-3.6555
3.65649
3.65744
-3.65831
-3.6605
3.66378
3.66558
-3.66853
3.66973
-3.67078
-3.67095
-3.67686
-3.67954
-3.68063
-3.68139
3.68253
3.68277
-3.68362
-3.68489
-3.68758
3.69065
3.69162
-3.69326
-3.69652
3.69725
3.69809
3.69916
-3.70243
-3.70572
3.70711
3.7095
3.71158
3.71408
-3.71587
3.71883
3.72185
3.72546
3.72697
-3.72825
3.7287
-3.73005
-3.73279
-3.73519
-3.73693
-3.73739
-3.74556
3.74733
3.74931
3.75338
3.75629
3.75815
3.75816
-3.75903
-3.76353
-3.76501
-3.76926
-3.77105
-3.77147
-3.77251
3.77454
-3.78024
3.78144
3.78441
-3.78665
3.78885
3.79151
-3.79339
-3.7961
3.79679
3.79725
-3.80007
-3.80458
3.80547
-3.80756
-3.80799
3.80923
-3.81036
3.81309
3.81582
3.81637
3.81687
3.82307
3.82548
-3.82708
3.83114
-3.83295
-3.83789
-3.83982
3.84388
-3.84711
3.85146
-3.85192
-3.85367
-3.854
3.85458
-3.85634
3.85765
3.85986
-3.86082
3.86828
-3.86883
3.87354
-3.87504
3.87713
-3.87938
3.8821
3.88279
3.88566
-3.88722
-3.88858
-3.88944
-3.89108
3.89156
-3.89476
-3.90156
-3.90392
3.90556
-3.90993
3.91049
-3.9119
-3.91325
-3.91575
-3.91637
3.91815
3.92091
-3.92139
-3.92567
-3.92835
-3.93083
-3.93329
3.93447
-3.9361
3.93777
3.94092
3.9416
3.94354
3.94463
-3.94627
-3.94898
3.94999
3.95147
3.95281
3.9556
-3.95771
3.96111
3.96216
3.96414
3.96511
3.96687
-3.96927
3.97252
-3.97618
-3.97803
3.97833
3.98091
3.98166
-3.98608
3.98753
3.98789
-3.98997
-3.99377
3.99491
3.99556
3.99754
4.00021
4.00094
4.00624
-4.00822
4.00866
4.01082
-4.0125
4.01495
-4.01639
4.01714
4.01969
-4.0224
4.02666
4.02923
-4.03031
-4.03498
4.04062
-4.04224
4.04436
4.04626
-4.04813
4.05231
-4.0538
4.05772
4.0586
-4.06144
-4.06584
-4.07358
4.0743
4.07646
-4.07853
4.0795
4.08021
-4.08072
-4.08309
4.08544
-4.08597
4.08683
4.09216
-4.09447
4.09733
-4.09787
-4.10231
4.10385
-4.10586
-4.11114
-4.11496
-4.11781
4.11853
-4.1192
-4.1214
4.12251
4.12515
-4.12757
4.13001
-4.13331
-4.13707
-4.13727
-4.13953
-4.14159
4.14288
4.14485
4.14909
4.15115
4.15258
-4.15375
4.15531
4.15944
4.16073
-4.16359
4.16397
-4.16495
-4.16582
4.16702
-4.16839
4.17027
-4.17112
4.17259
-4.17368
4.17546
4.17779
4.18074
-4.18104
-4.18276
-4.18412
-4.18555
4.18653
-4.18851
-4.18942
4.19011
-4.19347
4.19443
4.19741
-4.20008
4.20198
4.20395
4.20458
4.20653
-4.20783
4.20796
4.21002
-4.21078
-4.21276
-4.21907
4.22116
-4.22505
4.22831
4.22874
4.23087
4.23258
4.23505
-4.23725
-4.24056
-4.24128
-4.24235
-4.2486
4.24926
4.25156
4.25219
-4.2529
-4.25634
4.25886
4.2604
4.26155
4.26664
-4.26702
-4.26846
-4.27175
-4.27472
-4.27493
-4.2759
4.27686
-4.27755
4.2785
4.27888
-4.28428
4.28545
-4.28825
-4.28974
4.29304
-4.29522
4.29601
4.29847
4.30147
4.30278
-4.30509
-4.30612
4.30638
4.31163
4.31289
-4.31636
-4.31838
-4.32169
4.32416
-4.32524
4.32837
4.33633
4.33825
4.3407
-4.34227
4.34299
4.34939
4.35356
-4.35637
-4.35679
4.35976
-4.36302
-4.36478
4.36796
4.3687
-4.37105
4.37552
-4.37967
4.38029
4.38244
-4.38506
-4.38752
-4.38983
4.3919
4.39341
-4.39425
-4.39678
4.3992
4.39978
-4.40108
4.40493
-4.4059
-4.4079
4.41261
-4.4157
-4.4179
4.42165
-4.42245
-4.42417
-4.42855
4.43032
-4.43205
-4.43316
-4.43568
-4.43773
4.44309
-4.44415
4.44586
-4.44842
4.44899
-4.45165
-4.45377
-4.45552
-4.45755
4.46322
-4.46412
4.46908
-4.47017
-4.47177
4.47753
-4.47826
-4.47996
-4.48552
4.48966
-4.49187
4.49352
-4.49374
4.49613
4.49721
-4.5019
-4.5036
-4.50628
4.50726
-4.50933
-4.51084
-4.51399
-4.51579
-4.51621
-4.52407
-4.52625
-4.52781
-4.53092
-4.53347
4.53457
-4.53577
-4.53618
4.53803
4.54482
-4.54674
-4.54804
4.55244
-4.55456
-4.55566
-4.5572
4.56087
4.56211
4.56554
-4.56786
-4.57562
-4.58006
-4.58059
-4.58076
-4.58191
4.58545
4.58989
-4.59492
4.59646
-4.59759
-4.59933
-4.60037
4.60061
4.60346
-4.60578
-4.60888
4.60998
-4.61328
-4.61383
-4.61471
-4.6168
-4.62028
-4.6224
-4.62295
4.62393
-4.62881
4.63069
4.63583
-4.63917
4.6403
4.64202
4.64348
4.6445
-4.64532
4.64791
4.6566
-4.66126
-4.66377
-4.6687
4.67386
-4.67691
4.68013
4.68358
-4.69285
4.69378
-4.69797
4.70286
-4.70629
4.71054
-4.71612
4.72014
-4.72365
-4.72405
-4.72637
4.72673
-4.73253
4.73439
4.73541
4.73826
-4.74012
4.74261
-4.74496
-4.74736
-4.74895
-4.75293
4.75532
-4.75587
4.75725
4.75853
-4.76118
4.76202
-4.76556
4.76843
4.77048
4.7729
4.77377
-4.77534
4.77822
-4.77925
-4.78278
4.78393
4.78587
4.78769
4.78932
-4.79134
4.79149
-4.7933
-4.79773
-4.80143
4.8024
-4.8039
4.80605
4.80763
4.80853
4.80929
4.81318
4.81521
-4.81786
-4.82252
4.82915
-4.83366
-4.83427
4.83624
4.84403
4.84853
-4.85428
4.85691
4.85769
4.85983
-4.86056
4.86436
4.86557
-4.86811
4.86998
4.87034
-4.87371
4.87898
-4.88141
4.88682
-4.88724
-4.88815
4.89039
-4.8908
4.8955
4.89585
-4.89636
4.89875
-4.89995
4.90185
4.90342
-4.90686
-4.90919
-4.91091
-4.91619
-4.92035
4.92403
-4.92533
-4.92842
-4.93344
4.93529
4.94037
4.94155
-4.94268
4.94581
4.94852
4.95043
-4.95113
-4.95252
4.95386
4.95563
4.95591
4.95722
-4.95768
4.95913
4.96681
-4.96757
4.96977
4.97048
4.97178
4.97319
-4.97532
4.97759
4.97957
4.98273
-4.98591
-4.9931
4.99681
-4.99869
5.00549
5.00581
5.00631
5.00998
-5.01065
-5.01231
5.01275
5.01432
-5.01586
-5.01877
-5.02011
-5.02152
5.02373
-5.03047
-5.03447
-5.03837
5.04106
-5.04212
5.04445
-5.05137
5.05827
5.05994
-5.06252
-5.06392
5.06721
5.06943
-5.07071
-5.07545
5.0785
-5.08274
5.08824
-5.09467
5.09751
-5.10089
5.10448
-5.11063
5.11159
-5.11716
5.12127
5.12306
-5.12556
5.1273
5.12791
-5.12943
5.14484
-5.14848
-5.15088
-5.15207
5.15508
5.15664
-5.15796
5.16204
5.16535
5.16752
5.16982
-5.17001
5.17119
-5.17399
-5.1759
5.18146
-5.18252
-5.18373
-5.1871
5.18874
-5.19149
5.1926
-5.19334
-5.19407
5.19717
-5.19763
5.20015
-5.20155
5.20713
-5.2117
5.21609
5.21826
5.21981
-5.22299
-5.22843
5.22889
5.23078
-5.23293
5.23409
5.23629
5.23939
5.24396
5.24798
5.25167
5.25383
-5.25474
5.2554
5.25621
-5.25926
5.26322
5.26363
-5.26773
5.2687
5.2717
-5.27621
5.28247
5.28414
-5.29034
5.29647
-5.30222
-5.30518
5.31009
-5.31073
5.31416
5.3153
-5.31695
5.32267
-5.32755
5.32958
-5.33165
5.33259
5.33469
-5.33577
5.33712
-5.3385
-5.34158
-5.34372
5.34599
5.34758
-5.35041
5.35242
-5.3549
-5.35987
-5.36778
-5.37063
5.37347
5.37402
5.38036
-5.38201
-5.38758
5.3924
-5.39464
5.39837
5.40031
-5.40654
-5.4077
5.40926
5.41274
5.41448
5.41558
-5.41618
5.41796
5.42041
5.42358
5.42479
5.42937
5.43108
-5.43203
-5.43585
5.43936
-5.44121
5.44629
-5.44895
-5.44994
5.45254
-5.45332
-5.46031
-5.46103
5.4629
-5.46343
-5.46476
-5.46654
-5.46936
5.47111
5.47299
5.47375
-5.47695
-5.47953
-5.4813
-5.48452
5.49292
-5.49607
5.49863
5.50186
-5.50514
-5.50882
-5.51156
-5.51243
5.51363
5.5156
-5.51945
5.51959
-5.52348
-5.52472
-5.52563
5.52751
5.52965
-5.53062
5.53811
-5.54017
-5.54292
5.54474
-5.54737
5.55191
-5.55509
5.55739
5.56208
5.56306
5.56506
-5.56703
-5.56933
-5.57109
-5.57488
-5.57834
-5.5807
-5.5824
5.58516
-5.58662
5.58819
5.59299
5.59497
5.59734
-5.60181
5.60481
-5.60975
5.61287
5.61518
-5.61767
5.62104
5.62815
5.632
5.63521
5.64189
-5.64344
-5.64387
5.64854
5.65184
5.65806
-5.65975
5.6659
5.66793
-5.67456
-5.6841
-5.68825
5.68863
-5.69253
-5.69411
-5.69555
-5.69893
-5.70289
5.71007
-5.71145
5.71625
-5.72507
5.72898
-5.73286
5.73696
5.73869
-5.73964
5.74244
5.74291
-5.74434
-5.75109
-5.75211
-5.75776
-5.76024
5.76171
5.76368
-5.76689
5.76848
-5.76924
5.77049
-5.77458
-5.7764
5.7812
-5.78564
-5.78785
-5.79008
5.79149
5.79522
-5.79896
5.80019
-5.80151
-5.8045
5.80587
-5.80597
5.81292
5.81791
-5.82224
5.82307
5.8248
-5.82549
-5.82775
5.8298
5.83242
5.83275
-5.83463
5.83658
-5.83834
-5.84267
5.84519
5.84664
5.8553
-5.8585
5.8603
5.86149
5.86504
5.87016
5.87537
-5.88357
-5.88794
-5.89376
5.89782
-5.89875
-5.90393
5.90652
-5.91721
-5.91782
-5.91791
-5.92129
-5.92563
5.9278
-5.93174
5.9343
-5.93978
-5.9434
-5.94718
-5.94913
-5.95487
-5.9588
5.96292
5.96542
-5.96718
5.97773
5.98026
5.98253
5.98657
-5.98817
-5.98929
5.99249
5.99526
-5.99771
5.99859
-6.00996
6.01227
-6.0129
6.01394
6.01485
-6.01607
6.02148
6.0238
-6.03057
6.03083
-6.03241
6.03523
6.03957
-6.04172
6.04665
-6.04992
-6.05316
6.05469
-6.05805
-6.05889
6.05942
6.06378
6.06726
-6.07126
6.07442
6.07838
6.08269
6.08569
-6.08763
-6.09184
-6.09384
-6.09799
6.1006
-6.10151
6.10979
-6.11138
-6.11182
6.11989
-6.12304
-6.12714
-6.12924
-6.13113
-6.13379
-6.13519
6.1368
6.1385
-6.1406
-6.14313
6.14658
6.14857
6.15116
-6.15201
6.15466
6.15798
-6.1614
6.16157
6.1685
-6.17039
-6.17589
6.18031
-6.18442
-6.18751
6.1935
6.19614
6.1969
-6.20063
6.20202
-6.20931
6.21187
-6.21443
6.22298
-6.22536
6.22844
6.2336
-6.23469
6.23528
-6.23649
-6.23934
-6.24079
6.24225
-6.24523
6.25089
-6.25206
6.25606
-6.26926
-6.27296
-6.28078
-6.28502
-6.28768
-6.29007
-6.29343
-6.29594
-6.29669
6.30305
-6.30741
-6.31212
-6.32338
-6.3244
-6.32965
-6.33626
6.33898
-6.34032
6.34248
-6.34402
-6.34521
-6.34775
6.34793
-6.35396
6.36098
6.36515
-6.3682
-6.37028
-6.37714
6.37887
-6.38079
-6.38407
-6.38699
6.39652
6.39894
-6.40561
6.4059
6.41008
-6.41157
6.41321
6.41731
6.42425
-6.42539
6.42988
-6.43733
6.4406
-6.44216
6.44534
6.44604
-6.4494
-6.45074
-6.45465
6.45913
6.46109
-6.4664
6.46949
6.47148
6.47284
-6.47475
-6.47777
6.48118
6.48893
6.49075
-6.49157
6.5003
6.50432
-6.5052
-6.50909
6.51332
-6.5135
6.51427
-6.51945
-6.52024
6.52702
6.52876
-6.53114
6.53219
6.53581
-6.54011
6.54742
6.55156
6.55427
-6.56164
6.5644
-6.56629
-6.56743
-6.5707
-6.57279
-6.57575
6.57789
6.58569
6.5862
-6.58913
6.59045
-6.59506
-6.59566
6.59622
6.59874
6.60165
-6.60188
-6.60408
-6.60984
6.61256
6.61706
-6.61954
6.61999
-6.6234
6.62481
-6.62592
6.62824
6.63493
-6.63909
6.64269
6.64656
-6.65127
6.65329
-6.65911
-6.66009
6.66935
6.67483
6.6762
-6.67891
6.6806
6.68648
6.69105
6.69387
6.69854
-6.70086
6.71513
-6.71637
-6.72136
6.72826
-6.73099
6.73518
-6.73676
-6.73953
6.74364
6.74624
6.75491
6.7562
-6.75957
6.76141
6.7632
-6.76956
6.77813
-6.78041
6.78646
-6.78981
-6.79263
-6.79539
-6.80321
6.80397
-6.80715
-6.81129
-6.8131
6.81606
-6.82094
-6.82121
6.82584
6.82967
-6.841
6.84447
-6.8454
6.84654
6.84898
-6.84964
6.85076
-6.85925
-6.86153
-6.86421
-6.86779
-6.87793
-6.88003
-6.88581
6.89276
-6.89342
-6.89384
-6.89478
6.89575
6.8973
-6.90093
-6.90219
6.9119
6.91847
6.92817
-6.93427
6.93712
6.93927
6.95088
6.95978
6.96448
6.97347
6.9747
6.97914
-6.98143
-6.98754
6.99335
-7.00083
-7.00863
-7.01078
7.01251
-7.01675
7.02602
7.03165
7.03357
-7.03938
7.04021
7.04777
-7.05575
7.05938
7.06474
7.07305
7.07813
-7.08197
-7.08711
7.09228
-7.09524
7.09901
-7.10118
7.10443
7.10928
7.11146
7.11923
-7.12531
-7.12945
-7.13654
-7.13754
-7.13836
7.14185
7.1461
-7.1496
-7.15483
7.15544
7.15676
7.15814
-7.16327
-7.16968
7.17137
7.17619
-7.17785
-7.18433
7.18943
-7.19486
-7.2027
-7.20621
-7.20854
-7.21933
-7.2215
7.22297
-7.22488
7.22847
7.23033
7.24281
-7.24547
-7.25084
-7.25423
7.25714
-7.25902
7.26016
7.26477
7.26959
-7.27349
-7.27953
-7.28234
-7.29024
-7.29331
7.29465
-7.29756
7.29873
7.30373
-7.3048
7.30621
7.31107
-7.31511
7.31939
-7.32143
7.32284
-7.32525
7.32782
-7.3328
-7.33634
7.33931
7.34688
7.34816
-7.35857
7.36018
-7.36941
-7.37296
-7.37518
-7.38157
-7.38183
-7.38474
-7.38805
7.39176
-7.39295
-7.39563
-7.39836
7.39981
-7.40621
-7.41246
7.41419
7.41535
-7.41927
-7.42141
-7.4281
-7.43699
-7.44485
7.44649
-7.4511
7.45712
7.46702
-7.46846
-7.47539
7.47926
-7.48304
7.48419
7.48536
-7.49125
-7.50083
-7.50625
-7.50719
-7.50834
7.51254
-7.51626
-7.5192
7.52482
-7.53003
7.53026
7.53236
7.53461
-7.53941
7.54264
7.54488
-7.5496
-7.55876
-7.56352
-7.5727
-7.57844
7.57955
7.5826
7.58361
7.58591
7.58891
7.60336
-7.60702
-7.61115
7.62014
-7.63118
-7.63286
-7.63481
-7.63617
7.64637
7.6508
7.65419
-7.65703
7.66221
-7.66527
-7.66974
-7.67097
7.67227
7.67385
-7.68877
-7.69592
7.70071
7.70476
-7.70788
7.71044
7.71804
-7.71914
-7.7207
7.72603
7.72785
-7.73389
7.73409
-7.73949
-7.7433
-7.7486
7.75005
7.75016
7.75183
-7.75511
-7.75783
7.76428
7.77311
7.78246
-7.78385
7.79054
-7.79243
7.79465
7.79527
-7.79913
-7.80457
-7.80658
-7.8083
-7.8223
7.8292
-7.83
7.83652
-7.84016
7.84599
7.8474
-7.85413
-7.85607
7.85937
-7.86315
-7.8637
7.87267
7.87362
7.87519
7.88996
-7.91472
7.91982
7.92524
-7.92757
7.93049
7.93124
7.94169
-7.94355
7.95093
-7.95476
7.95525
7.96128
-7.96319
7.96748
7.97598
7.98353
-7.98514
7.99856
8.01031
-8.01693
-8.02225
8.03006
-8.03424
-8.03669
8.03901
8.04307
8.0491
8.05185
8.05421
-8.05866
8.05996
-8.0637
-8.07007
-8.0732
8.07613
-8.07973
-8.08313
8.08475
-8.08841
8.09128
8.0916
8.09534
8.10147
8.10427
-8.10755
8.10784
-8.10887
-8.11523
-8.11995
-8.12073
-8.12423
8.13045
-8.13221
-8.13699
8.1407
8.14247
-8.14707
8.15453
8.16306
8.1635
8.16791
8.17057
8.17061
8.17243
-8.1795
8.18715
8.19243
8.20228
-8.20527
-8.20848
8.2091
8.21453
8.22599
8.2281
8.232
8.23306
8.23834
8.24093
-8.24811
-8.25134
-8.25658
-8.26421
8.26796
8.27119
8.27288
8.27438
8.27839
-8.28115
-8.28588
8.2907
-8.29976
8.30317
-8.31343
8.32101
-8.3301
8.34616
8.3508
8.35814
8.35948
-8.36405
-8.3656
8.37349
8.37891
-8.38186
-8.38853
-8.39477
-8.3959
-8.40039
-8.40574
8.41826
8.42327
8.44723
8.45461
-8.46829
-8.46948
8.47084
-8.47543
8.48225
8.48802
8.49077
-8.49581
8.49889
-8.50752
-8.50988
8.51086
8.5119
8.51868
8.53057
-8.53412
-8.5402
8.54056
8.54317
-8.54503
-8.54876
8.56564
-8.57248
-8.57749
8.58544
8.59225
-8.59357
8.5977
-8.60017
-8.60157
-8.61117
-8.61981
-8.6238
-8.6357
-8.64462
8.64987
8.66232
8.66891
-8.67619
8.67745
-8.6813
8.6826
-8.693
8.6956
8.69708
-8.70207
8.70448
8.70576
-8.70864
8.71489
8.71999
8.72085
-8.72753
-8.73385
-8.74127
-8.746
8.74736
8.74959
8.75507
-8.75836
-8.75982
-8.76202
8.7718
8.77806
-8.78281
-8.78498
-8.78788
-8.79406
-8.79812
-8.80367
-8.80604
8.80745
8.81234
-8.8135
-8.82262
8.82575
8.83422
8.83734
8.84474
8.84704
-8.85063
8.85221
8.85624
-8.86208
8.86882
-8.87208
8.88168
-8.88371
8.89469
8.89845
-8.90194
-8.90757
-8.90894
8.91392
8.91656
-8.92067
-8.92231
8.92433
-8.93742
8.94093
-8.9451
-8.94862
8.95255
8.9548
8.95656
-8.95909
-8.96562
-8.96715
-8.98084
-8.98797
8.99187
-8.99551
-9.00211
9.00306
9.01176
-9.01922
-9.02439
9.0281
9.03948
9.04452
-9.04695
-9.05229
9.0547
-9.06207
-9.06319
9.07008
-9.07592
-9.07958
-9.09006
9.09385
-9.10078
9.11
9.12072
9.12353
-9.1263
9.12908
9.13751
9.13915
-9.14682
-9.15684
-9.16083
-9.16369
9.1657
-9.17847
-9.18138
-9.18502
-9.18974
-9.19219
9.19766
9.20109
-9.21307
9.21701
-9.22322
9.22899
9.2366
9.23856
9.24018
9.24416
9.25462
9.25776
9.26179
-9.26351
-9.26574
-9.28001
9.29115
9.2999
-9.31325
-9.31684
-9.32484
9.33728
9.34291
9.35627
-9.35919
9.36349
9.37711
9.38118
9.38435
9.3897
-9.39566
9.40511
-9.41
9.4158
9.41733
9.42621
9.4357
9.43714
9.44227
9.44636
9.45829
-9.46975
9.4773
9.48583
-9.48789
-9.50215
-9.50593
-9.50989
9.51612
9.52083
9.52719
-9.53066
9.5338
-9.53807
9.54332
-9.54619
-9.54853
9.54963
9.56223
-9.56688
-9.56946
9.57481
9.58
-9.58604
-9.58912
9.59978
9.60478
9.60771
9.61459
9.6163
-9.61895
9.62323
9.62418
-9.62723
-9.63263
-9.63487
-9.64302
9.6481
-9.66072
9.68862
-9.69171
-9.6945
9.69869
-9.70266
9.70787
-9.71936
9.72969
-9.7334
9.73893
-9.74002
9.74416
9.74989
-9.76327
9.76782
9.77391
9.77794
-9.78829
9.8034
-9.80945
-9.81502
-9.81859
9.82202
-9.83042
-9.83831
9.83911
9.84816
-9.85127
-9.85507
-9.85738
9.86178
9.87229
-9.87591
-9.88194
9.89047
9.89432
9.89787
-9.90359
9.91316
-9.92673
-9.9333
9.94273
-9.9498
-9.95341
9.96097
-9.96313
-9.97411
9.97571
9.98599
-9.99263
-9.99511
10.0021
-10.0035
10.0074
-10.0165
-10.0261
10.0316
-10.0374
10.0378
10.0398
-10.0517
-10.0613
-10.0669
-10.0703
10.0785
10.0878
10.0889
-10.0918
-10.0968
-10.1027
10.1104
-10.1259
10.1302
-10.1383
-10.1402
-10.1416
-10.153
10.1586
-10.1688
-10.1714
-10.1728
-10.1807
-10.1851
10.1894
10.1927
-10.2069
10.211
10.2272
10.2306
10.2346
-10.2498
-10.2533
-10.2579
-10.2607
-10.266
-10.2669
10.2712
10.282
10.2866
10.2895
-10.2913
-10.2991
-10.3058
10.3152
10.3191
10.328
-10.3339
10.342
10.3581
10.3604
-10.3646
-10.373
10.4005
10.4213
-10.4258
-10.4294
10.4425
-10.4449
10.4465
-10.4471
10.4474
10.4487
-10.4588
10.4762
10.48
-10.4845
10.4903
-10.4997
10.5045
10.5062
-10.5091
10.5105
-10.5134
-10.5158
10.5202
10.5237
10.5278
10.5309
-10.5415
-10.5468
-10.5505
10.5584
-10.5623
-10.5678
-10.5777
10.5784
10.5847
-10.5948
-10.6058
-10.6096
10.6189
10.6228
-10.6257
10.6329
10.6489
10.6528
-10.6539
10.6814
10.6854
10.6908
-10.6941
10.7083
10.7119
-10.7197
10.7234
-10.7349
-10.7398
-10.7492
-10.7517
-10.7655
10.7732
-10.7784
-10.7841
10.7847
-10.7889
-10.7977
10.8177
10.8291
-10.8399
10.8506
10.866
10.8715
-10.8734
10.8877
10.8979
-10.9052
-10.912
10.9195
-10.9269
-10.9425
-10.9481
-10.9552
-10.9629
-10.9688
-10.9834
-10.9937
11.0089
11.0105
11.0148
-11.0409
-11.0527
11.0566
-11.0702
11.0837
11.0888
-11.0928
11.1035
-11.1147
11.1163
11.1382
11.1486
-11.1602
-11.1619
-11.1681
11.1758
-11.1835
11.1911
-11.197
-11.2123
-11.2196
-11.2308
-11.2335
11.2403
-11.2541
11.2659
-11.2692
-11.2887
-11.2901
-11.296
-11.3098
11.3124
-11.3143
-11.3217
11.3331
-11.3485
-11.3642
-11.3728
-11.3765
-11.384
-11.3899
-11.3915
11.3927
11.396
-11.409
-11.4156
11.4188
-11.4226
11.4327
-11.4372
11.4417
-11.4461
11.4601
11.4628
11.4652
11.4689
-11.4768
-11.4856
-11.4924
-11.4979
11.5083
-11.5116
-11.5146
-11.5246
-11.5339
-11.5384
11.5459
-11.5543
11.5643
11.5754
11.5763
11.5779
11.5901
-11.5903
-11.6094
11.6135
11.6238
11.6255
11.6271
11.6301
11.6396
11.6482
11.6507
11.6535
11.6614
-11.6674
-11.6712
-11.6739
-11.6813
-11.6886
-11.6918
11.6948
11.7017
11.7094
-11.7125
-11.7243
-11.726
-11.7335
11.7369
11.7469
-11.7526
11.754
-11.7549
-11.7626
11.7734
11.783
11.791
11.8102
-11.8149
11.8387
-11.8445
11.8519
-11.8616
11.8625
11.8688
11.8716
-11.8826
11.8952
-11.8985
-11.9125
11.924
-11.9265
11.9371
-11.9471
-11.9709
-11.9763
11.9893
11.9971
-12.0026
12.0047
12.0176
-12.0209
-12.029
-12.0299
12.0303
12.04
12.0456
-12.0497
-12.0566
12.0612
-12.0795
-12.0907
-12.0927
12.095
-12.1137
12.1211
12.1271
12.1294
12.1439
-12.1475
12.1555
-12.1649
-12.1754
12.1867
-12.1925
12.2101
12.223
12.2273
-12.2327
-12.2418
12.245
12.2549
12.2749
12.2759
12.2778
-12.2822
-12.2908
-12.2937
12.2988
-12.3033
-12.3174
-12.3308
-12.3492
-12.3594
12.3747
-12.3856
-12.3962
12.4041
-12.4058
12.4198
-12.4253
12.432
-12.4384
-12.4429
-12.4477
-12.4581
-12.4633
-12.4971
12.5015
12.5071
12.5284
-12.5452
12.5525
12.5741
-12.5859
-12.5907
-12.6086
12.6249
-12.6298
-12.6482
12.659
12.6604
-12.6945
-12.7004
-12.7054
12.7062
-12.7168
12.7226
-12.7381
-12.7422
-12.7473
12.7485
-12.7498
-12.7542
-12.764
-12.7844
-12.79
-12.7985
12.8053
12.8218
12.8274
-12.8345
12.8375
-12.8484
-12.8675
-12.8709
-12.8835
-12.8979
-12.8994
12.9123
-12.9162
-12.9204
12.9254
-12.928
-12.947
12.9524
12.9651
12.9917
-13.0084
13.0226
13.0376
13.0387
13.0507
13.0553
-13.068
13.0748
-13.0881
-13.1029
-13.1164
-13.1345
-13.1419
-13.1539
-13.157
13.1586
13.1681
-13.1783
13.1823
13.2038
-13.215
13.2206
13.2326
-13.246
13.2626
-13.281
13.2891
13.3018
-13.3063
-13.3093
-13.313
-13.3178
13.3272
13.3324
-13.3417
13.3539
-13.3568
-13.3604
-13.3667
13.3765
13.383
-13.3905
13.4035
13.4129
13.4225
-13.4258
-13.4284
13.4401
-13.4513
13.4643
13.4663
13.4678
13.4743
-13.4918
-13.5026
-13.5197
-13.5241
-13.5455
13.5527
13.5719
-13.5879
-13.5903
-13.5924
-13.6023
-13.6135
13.6245
-13.6384
13.6474
13.6487
-13.6578
-13.6742
13.709
13.7359
13.744
13.7639
-13.7724
-13.794
13.7964
-13.8007
-13.8138
-13.8204
-13.8245
-13.8284
-13.8485
-13.8607
13.8672
13.8776
13.8783
-13.8942
-13.8972
13.9055
-13.9209
-13.9314
-13.9368
-13.9415
13.9536
-13.9657
13.9904
-14.0115
-14.0133
14.0186
-14.0222
-14.0448
-14.0497
-14.058
14.063
14.0707
14.0805
-14.0842
-14.0855
-14.1107
-14.1194
14.1397
14.1523
14.1565
14.1687
14.1729
-14.1843
-14.1939
14.199
14.2052
-14.222
-14.2263
-14.229
-14.2397
-14.2439
14.248
14.2505
14.2751
14.2793
-14.2824
-14.2895
-14.2915
14.3015
14.3079
-14.3143
-14.3278
14.3488
-14.3507
14.3688
14.3924
-14.3979
-14.4044
-14.4065
14.414
14.4234
-14.4253
14.4261
14.4366
-14.4456
14.4626
14.4755
14.4784
14.4911
-14.4968
14.5002
14.5137
-14.5224
-14.535
14.5551
14.5569
-14.5639
14.5787
-14.5926
-14.6007
-14.6033
14.6185
14.6249
-14.6414
14.6642
-14.6736
-14.6815
-14.6906
14.7085
-14.7209
-14.7437
14.7449
14.7555
-14.7746
14.7779
14.7831
14.79
14.7987
14.7994
14.8026
-14.818
14.8295
-14.8388
14.8457
14.8476
14.8582
-14.8676
14.8736
14.8744
-14.8947
-14.8972
-14.9064
-14.9429
-14.9484
14.9506
-14.9564
14.9598
14.9648
14.9822
15.0041
-15.0103
-15.0259
15.0276
15.036
15.0432
15.0479
-15.0613
-15.0675
15.0934
-15.1215
15.1462
-15.1606
-15.1773
15.1902
15.1962
-15.2066
-15.2235
15.2381
15.2438
-15.2758
15.2779
-15.2885
15.294
-15.308
-15.3181
-15.3212
-15.3334
-15.3539
15.3662
15.3699
-15.3727
15.3876
-15.3906
15.4165
-15.4314
15.4361
-15.4518
-15.4602
-15.4638
-15.4983
15.5013
-15.5456
15.5601
15.5732
-15.5813
-15.6095
-15.6392
-15.6507
15.6615
-15.6795
-15.6863
15.7017
-15.7274
-15.7284
-15.7443
15.7793
-15.7817
15.7918
-15.8056
15.8352
15.8389
-15.8616
15.8722
15.879
-15.8894
15.8959
-15.913
15.9158
-15.9275
15.9367
15.9514
-15.9559
15.9724
-15.9775
15.9944
-16.0101
16.0275
16.0423
-16.0477
-16.054
-16.0708
16.0814
16.0815
-16.0942
16.1012
-16.1095
16.1138
-16.1322
-16.1541
-16.1613
16.1771
-16.2036
-16.2142
16.2231
-16.2367
16.2533
-16.26
-16.2646
-16.2812
-16.321
-16.326
-16.3448
16.359
16.3667
16.3764
-16.3854
-16.423
-16.4314
-16.4444
-16.45
16.4571
16.471
-16.4843
16.4924
-16.5034
-16.5336
16.5674
16.5822
16.588
16.5896
16.6054
16.6211
-16.6247
16.6332
16.6383
16.6472
-16.6545
-16.6663
-16.6749
16.6809
16.7022
-16.7113
-16.7237
-16.7265
16.7504
-16.7641
-16.7783
16.7805
16.7817
16.8035
-16.8121
16.8194
-16.8257
16.8363
-16.8622
16.8656
16.8878
-16.8888
16.8905
16.895
16.899
16.9062
-16.9204
-16.9373
-16.9519
-16.9772
16.9825
16.9896
17.0057
-17.016
-17.0199
-17.0301
17.0366
-17.0541
17.0577
17.0857
-17.0933
-17.1184
17.1323
17.1386
-17.1521
-17.1613
-17.1657
-17.1729
17.1849
-17.2174
-17.2225
17.2427
17.2505
-17.2524
-17.2542
17.2657
-17.2824
17.2874
17.3035
17.3173
-17.3296
-17.3343
-17.3382
17.3401
17.3525
-17.3635
-17.395
-17.4012
-17.4253
17.4524
17.4534
-17.4685
17.4829
17.4932
17.509
-17.517
-17.5295
-17.5322
-17.5716
17.6009
17.6095
-17.6173
-17.6215
-17.6235
-17.6377
-17.6493
-17.6693
-17.6733
17.7195
17.7719
-17.7855
-17.8052
17.8261
17.8598
-17.8757
17.8916
-17.8988
17.914
17.9212
-17.9236
17.933
-17.9442
-17.9507
-17.9843
-17.9921
-17.9966
-18.0067
-18.0402
-18.0427
-18.0588
-18.0836
-18.0855
18.0956
18.1085
18.1153
18.122
18.1443
-18.1656
18.184
18.1883
-18.2113
18.2206
-18.2414
-18.2514
18.2634
18.2911
-18.2924
-18.3064
18.3512
-18.3819
-18.3964
18.4168
-18.4334
18.4488
18.457
18.4749
-18.522
18.5465
18.5625
18.5659
-18.5806
-18.5988
-18.6231
-18.6277
18.6463
-18.6724
-18.7107
18.7298
18.7311
18.742
18.7531
-18.7579
18.7722
18.775
18.7901
-18.8116
18.8282
-18.8295
18.8494
18.8665
-18.873
18.8929
-18.9057
18.908
18.9096
-18.9174
18.9437
18.9573
18.9677
18.9814
-19.0202
19.0352
-19.045
-19.0705
-19.1178
-19.1306
19.1455
-19.1552
-19.1834
19.1943
-19.2375
-19.2524
-19.2782
-19.2899
-19.2973
19.3141
19.3379
19.3449
-19.3673
-19.3721
19.4159
-19.4465
-19.4593
-19.4811
-19.5032
-19.5415
-19.5501
19.5711
-19.5841
-19.6264
-19.6353
-19.6461
19.6715
-19.6881
-19.7063
-19.7403
19.7455
-19.7866
19.8113
19.8262
-19.8351
19.8429
19.8581
-19.8685
19.8981
19.9237
-19.9394
-19.9416
-19.9611
-19.9641
19.9685
19.991
20.003
-20.0183
-20.0278
20.0389
-20.0562
20.0644
20.0873
-20.1135
20.125
20.1429
-20.1457
20.1504
-20.1834
20.1916
20.2249
-20.2352
20.263
20.2744
-20.2961
-20.3013
-20.3084
-20.3169
20.328
20.3354
20.3434
20.3519
-20.3888
-20.4042
20.4471
20.468
-20.483
-20.4949
-20.4983
-20.5285
-20.5579
-20.5609
20.5744
-20.5913
20.6158
-20.6233
20.6362
20.6574
20.6744
-20.6834
20.7078
20.7168
-20.7308
-20.745
20.7575
-20.7755
20.8076
-20.8144
-20.8313
20.8666
-20.9281
-20.934
20.9491
20.9555
-20.9625
20.9677
-20.9802
20.9932
-20.9965
-21.0051
21.0073
21.0183
21.0299
-21.0818
21.0886
21.1046
21.142
21.1508
21.1557
-21.1646
-21.1691
-21.1819
-21.1834
21.1934
21.2084
21.2257
-21.2502
-21.3099
21.3115
-21.3356
-21.3637
-21.3659
21.3756
21.4086
-21.414
21.4306
-21.4594
-21.4977
21.5367
-21.5538
21.5623
-21.5731
21.5801
21.6214
21.6365
-21.6676
-21.6949
-21.7161
-21.7234
21.7439
21.7671
21.7925
-21.818
21.8205
-21.8303
21.842
21.8662
21.879
21.9
21.9274
21.9452
-21.9509
21.9688
-21.9871
-22.0108
22.0153
22.0257
22.0415
-22.0506
22.0755
-22.0952
-22.11
-22.1175
22.1221
-22.1293
22.1357
-22.1402
-22.1486
22.1574
-22.1631
-22.1881
-22.1968
-22.2059
22.2226
22.2549
-22.2737
-22.2859
22.3079
-22.3341
-22.34
22.3601
-22.3913
-22.399
-22.4442
-22.4626
-22.4704
-22.4859
22.5149
-22.5231
-22.5501
-22.5611
-22.5754
22.5937
22.6019
22.6232
22.6257
22.6435
-22.6906
-22.7012
-22.719
-22.7264
-22.7729
-22.7792
22.841
22.846
-22.8605
22.9027
-22.9293
22.9433
-22.9527
-22.9919
-22.994
23.0151
-23.0448
-23.0639
-23.0889
23.1114
23.1289
-23.1598
23.2004
23.2277
23.2694
23.2784
-23.289
23.3223
-23.3434
23.3614
23.3625
-23.3765
23.4342
23.4476
23.4502
23.465
23.4867
-23.502
-23.5144
23.5665
23.5965
-23.6112
23.6224
-23.6358
23.6437
23.6748
23.6984
23.7361
-23.7401
23.7572
-23.7775
23.7953
23.8209
-23.861
23.867
23.878
-23.8957
-23.9298
23.9447
-23.9461
-23.9475
23.9569
24.0059
24.0113
-24.0245
-24.0364
24.0643
24.0958
-24.1105
24.1165
24.1277
24.1542
24.1724
-24.1847
-24.2049
24.2177
24.2211
-24.23
-24.2452
-24.2464
-24.2714
24.2745
24.3116
24.3192
24.3249
-24.3617
-24.3761
-24.4713
-24.5228
24.5443
24.5542
-24.582
-24.5986
-24.6283
24.6394
24.695
-24.7181
24.7338
-24.7418
-24.7439
24.7665
-24.7977
24.8448
24.8474
24.8568
-24.861
24.8989
24.961
24.9902
25.0066
25.0352
-25.0371
-25.0735
25.0754
25.0928
-25.1188
25.1371
25.1501
-25.1708
-25.2117
-25.2388
-25.2946
25.3275
-25.328
25.3477
25.357
-25.3983
25.4245
25.4303
25.4497
-25.4815
-25.5311
-25.5471
-25.5964
-25.6014
25.6121
-25.6464
-25.6713
25.706
25.7133
25.7631
25.8483
-25.8713
25.8809
-25.958
-25.9744
-25.9863
-26.0061
26.019
-26.0752
-26.1477
-26.1632
-26.2111
26.2508
-26.285
-26.2993
26.3389
-26.4236
26.4415
26.4563
-26.4744
26.4949
-26.5095
-26.5301
26.5413
-26.5731
-26.5934
26.6206
26.6378
-26.6683
26.683
26.7068
-26.7163
-26.7499
-26.7693
-26.7846
-26.8291
26.8837
-26.9327
26.9391
26.946
26.958
26.9651
-27.0128
27.0373
27.0793
27.15
-27.1722
-27.2506
27.2616
27.2723
-27.3125
27.313
27.3682
-27.4157
-27.4204
27.4354
27.4926
-27.5165
27.5364
-27.5518
27.5813
-27.6118
-27.6531
-27.661
27.678
27.7022
-27.7406
27.8073
27.8146
27.8554
27.8771
-27.9607
27.988
27.9991
-28.01
28.0376
28.0759
28.0824
-28.0972
28.1245
-28.2101
-28.226
28.2466
28.2644
28.271
-28.2742
-28.3057
-28.4005
-28.4364
-28.4479
28.4557
-28.5004
-28.5178
-28.5444
-28.5633
-28.5674
-28.5738
-28.5984
28.6166
28.645
28.7334
28.7641
28.7891
28.8338
28.8406
-28.874
-28.905
-28.9157
28.9671
-28.9695
-28.996
29.0451
29.0857
-29.102
-29.1449
29.1761
-29.1974
29.2227
29.2835
29.3192
-29.3254
-29.34
-29.3608
-29.3791
29.3996
29.4455
-29.4674
-29.4792
-29.5385
29.5907
29.6029
-29.6354
-29.7076
-29.8148
29.8769
-29.8982
-29.9899
30.0446
-30.1077
30.1486
-30.1989
30.2072
-30.2128
30.2569
30.3006
30.3223
-30.3489
30.3515
30.361
30.377
-30.4196
-30.4279
30.4408
-30.458
-30.4786
-30.5167
30.5451
30.5543
-30.5748
30.5859
-30.6138
30.6598
30.6859
-30.6976
30.7734
-30.8484
30.9098
-30.9416
-30.9494
31.0121
31.0206
-31.0328
31.0481
-31.0789
31.1125
-31.1869
31.2024
-31.2194
-31.2457
-31.3164
31.3458
31.3614
-31.3714
-31.4205
31.4697
31.6034
31.6376
-31.6907
-31.7229
-31.7362
-31.7513
-31.7858
-31.9093
-31.958
-32.0016
32.0149
32.0501
-32.1321
32.1822
-32.2197
-32.2247
32.294
-32.3111
32.3144
-32.3608
-32.3921
-32.4678
-32.4718
-32.4766
-32.5129
32.6569
32.7026
-32.7311
32.8115
32.8703
32.8868
32.9017
32.9598
-33.0105
-33.0346
-33.0497
-33.0628
33.1269
-33.1918
-33.2335
33.2454
33.2922
-33.3802
33.4108
33.4526
-33.5408
33.5617
-33.5894
33.6503
33.75
-33.7766
33.8342
-33.8943
33.9457
-33.9701
-34.0046
-34.0452
34.1167
34.1387
-34.15
34.2386
34.266
34.3207
-34.3571
34.4622
34.529
34.5528
34.5681
-34.6109
-34.67
34.6981
-34.7169
34.7944
-34.8717
34.9366
34.9948
-35.0498
35.0845
-35.0903
-35.1313
-35.1468
-35.1863
35.2473
35.3039
-35.3114
-35.3401
35.3672
35.4102
-35.4359
-35.5025
35.5669
-35.5932
-35.6014
-35.6472
-35.6605
35.6925
-35.7573
35.8365
-35.8743
35.9277
-35.9446
36.0855
-36.1561
36.1893
-36.2712
36.3531
-36.3958
36.4282
-36.4358
-36.4749
36.5165
36.531
36.5568
36.5736
-36.66
36.7216
36.7809
-36.825
36.8608
36.8872
-36.9024
36.974
-37.0229
-37.0373
-37.0906
-37.1731
37.2714
37.3288
-37.3604
-37.399
37.4308
37.5099
37.5567
37.6222
-37.6571
-37.7097
37.7412
-37.7466
-37.794
-37.9588
37.9981
-38.0604
-38.1029
38.1827
-38.2345
-38.2748
-38.3221
38.4631
-38.4911
38.4997
38.6604
38.757
38.8006
-38.8343
38.9131
38.9498
38.9778
39.0375
-39.1639
39.2772
39.3025
39.3784
39.4132
39.4321
39.4492
39.4934
-39.5803
-39.6371
-39.6528
-39.7207
39.7717
39.8718
39.9079
39.9887
-40.1858
40.2377
40.3762
40.4018
40.4565
-40.4596
40.5315
-40.5671
40.6544
-40.6925
40.8006
-40.8855
40.9096
41.1446
41.2207
41.3179
-41.404
41.5746
41.72
41.7374
41.8165
-41.8432
41.883
-41.8896
41.9579
-42.0158
42.0478
-42.0924
-42.2765
42.3082
-42.3465
-42.3683
-42.3789
42.4674
42.4974
-42.6875
-42.7221
-42.7374
42.8477
42.949
-42.9732
-43.0086
-43.1326
-43.2125
43.2418
-43.2771
43.3587
-43.4512
43.4933
43.5443
43.6382
43.6911
43.7593
-43.7912
43.8614
-43.911
-44.1108
44.215
44.2383
-44.3181
44.3472
-44.4359
44.4806
-44.5243
44.558
-44.625
-44.6724
-44.8482
-44.9209
45.0527
45.0619
-45.111
45.1314
45.1479
45.1687
-45.1972
-45.2007
-45.2398
-45.2833
-45.2919
45.3278
45.4015
-45.4621
-45.5458
-45.6361
45.6748
45.6932
45.7727
-46.0305
46.0509
-46.0743
-46.1834
-46.2451
46.3089
-46.3952
-46.4963
-46.7884
-46.807
-46.9943
47.0346
-47.0481
47.1472
-47.1513
47.1925
47.2198
-47.2846
-47.3133
-47.3627
47.486
-47.5495
-47.6652
47.8086
47.8708
-47.8924
47.9256
47.9564
-48.0738
48.2102
48.4469
-48.5546
-48.6375
48.6758
48.6856
-48.7226
48.8444
48.9147
-49.0605
-49.1174
-49.2867
-49.429
-49.5503
49.6662
49.7437
-49.8257
49.9206
49.9899
-49.9928
-50.0255
50.1048
50.2447
-50.3735
-50.413
50.4691
-50.6765
50.7091
50.8606
-51.0122
51.0376
-51.0903
-51.3357
-51.4056
-51.5037
51.7084
51.7358
51.7567
-51.7859
51.8995
-51.9727
52.0855
-52.1357
-52.2161
52.3067
-52.382
-52.5557
52.5863
52.7008
-52.9726
53.158
53.2836
-53.3435
53.3974
53.6356
53.8181
53.9109
-53.9557
-54.124
54.3415
54.3862
-54.4763
54.6196
-54.7359
54.8102
54.9262
-55.0423
-55.2024
55.2891
55.3442
-55.3775
-55.4938
-55.5991
55.8609
-55.9314
56.2612
56.6193
-56.7657
-56.9421
56.9459
57.0391
-57.1285
-57.2168
57.3699
-57.5427
-57.6455
-57.6665
-57.7427
57.9089
58.0101
58.1769
58.8528
-58.982
59.0141
-59.1733
-59.5139
-59.5367
-59.5637
-59.6929
59.8513
59.9594
60.1063
-60.2913
60.4103
60.5444
-60.7543
61.048
-61.223
-61.7008
-61.7357
61.9281
62.016
-62.3514
62.5008
-62.517
62.5685
-62.62
-63.142
-63.172
-63.4806
-63.8297
64.0388
-64.4531
-64.5494
-64.7156
-64.8779
65.2463
-65.4041
-65.5155
-65.5815
-65.6341
-65.7011
-65.8267
65.918
66.143
66.2415
-66.3479
66.5602
-66.6451
-66.806
66.9534
67.139
-67.345
-67.5959
-68.2006
68.5451
68.5898
-68.7544
-68.8249
68.9696
69.0614
-69.2738
69.3554
69.4847
-69.5781
69.6859
69.853
-70.2492
-70.4237
-70.4664
-70.6195
70.7722
-70.8736
-71.0536
71.164
-71.2267
72.4017
72.4214
72.9331
-73.2988
73.3694
73.5878
73.8337
73.9431
74.108
74.4777
74.6949
-74.7563
74.9609
75.1398
75.2931
75.6368
76.0284
76.0552
76.3588
76.7833
-77.3238
-77.4707
77.7446
-77.8932
-78.5325
78.7278
78.7697
78.8465
-79.032
79.4083
79.5459
79.7112
79.9128
80.2155
80.3402
80.8258
-81.0557
81.1963
81.5862
81.7952
-82.135
82.4804
82.9867
-84.4035
-84.9616
-85.164
-85.2426
-85.5357
85.6884
-85.9155
-86.2222
86.3801
-86.6917
86.9222
-87.1062
87.608
-88.0572
88.2898
-88.8385
-89.0468
-89.4113
-89.4759
-89.6019
-90.2738
-90.3181
-90.5063
91.2374
91.5439
-92.5828
-93.0657
93.3362
93.8894
-94.4531
-95.5238
96.4859
-96.6454
-97.6522
97.9492
98.5672
99.1068
99.788
-100.052
-102.228
103.563
-103.972
-104.146
-104.514
104.569
-104.75
105.296
107.74
-108.512
-108.624
-109.401
110.368
-111.66
-113.321
-116.124
-117.994
118.926
-119.678
-120.324
122.584
123.489
124.587
-125.449
-126.538
127.083
-127.749
128.635
-130.777
-133.083
-134.969
135.576
137.097
-139.167
141.963
143.114
144.299
144.724
145.689
-147.101
-149.65
151.123
-151.216
155.987
-157.772
-163.647
165.793
-166.509
168.898
171.266
-172.063
-177.761
-186.234
187.759
189.285
197.562
199.095
-209.223
-221.546
-222.952
248.933
270.828
284.511
-302.398
425.588
