Exp_beta=1
0.146174
0.223911
1.47918
0.12015
0.242716
0.447517
0.474532
0.265108
0.24802
2.30003
0.347333
0.812762
1.40841
1.18784
1.88382
0.796952
1.59421
1.03476
3.39872
0.901766
0.183048
1.14495
1.10104
0.264684
1.23005
0.615542
0.796506
0.967678
1.05224
0.805295
0.086387
1.29488
0.00498819
1.30052
1.96096
2.84165
0.993378
0.0638525
1.05834
0.0551183
1.22503
0.418326
1.93713
0.0219026
2.0763
0.174766
0.00203103
0.195004
0.573987
1.20923
1.25498
0.58101
4.17325
0.629986
0.10478
1.39722
1.54253
0.30006
0.262009
0.825492
0.502542
0.0208782
0.272207
1.1343
0.132262
4.43614
0.362902
0.942399
0.692055
0.271496
3.76398
0.350473
0.782596
1.4933
1.22245
0.56402
0.432505
0.348413
0.272472
2.21982
0.937707
0.66415
0.684121
0.677071
0.727178
0.360829
1.58213
0.0982562
2.908
0.970894
1.08456
1.63696
0.203499
0.461175
0.574079
0.204955
0.667197
0.141276
0.583638
0.115691
0.190065
0.571946
0.281796
0.43863
0.287623
0.0553234
1.64232
1.71346
2.10493
1.96289
0.645989
0.338714
4.31051
0.265742
0.311755
2.63124
2.29649
3.65351
1.12565
0.436997
0.226238
0.63095
0.00619816
0.61575
2.36218
0.738733
0.863151
0.108581
0.981336
0.148031
1.27816
1.47587
2.88533
1.449
0.335504
1.91755
1.48521
0.343045
2.08781
0.328543
1.5547
1.37447
0.862614
0.958762
1.59788
0.994802
0.0619473
0.168846
0.00372546
2.59656
2.07265
0.526262
0.647345
0.163271
1.07955
0.113834
0.5282
1.44857
2.21525
2.33979
0.01646
0.606192
1.97516
0.792505
1.25496
0.707453
1.20999
0.922097
1.08169
0.297258
2.19955
0.0112349
0.227376
0.0885277
2.8311
0.234267
0.162791
3.4189
0.584606
0.656
0.263755
0.384889
0.594196
0.915164
0.570675
0.653431
1.73376
1.36141
0.590716
0.683273
0.253213
1.94439
1.72555
0.735886
1.97521
0.157697
3.40726
0.190077
0.478097
0.463974
4.04106
1.70595
2.45668
0.604117
0.940262
0.00985089
1.47663
0.162425
1.81258
0.0193219
0.255428
2.33528
0.349401
0.610141
2.14579
0.0321727
0.755075
0.698272
0.00248391
0.629739
0.300591
1.75197
0.0551387
0.217524
0.573278
3.93431
0.0970135
2.09932
1.06664
0.591993
0.0208757
0.032031
1.94288
1.22038
1.35664
0.789403
0.903812
0.77503
1.50157
0.204492
3.88478
1.99787
2.07942
0.736072
3.10053
2.14793
1.5162
0.473896
3.10125
1.33707
0.773865
1.18776
2.25146
1.308
0.126386
3.37088
0.249269
2.50754
0.943461
0.353186
0.313742
1.08009
0.0381696
0.194146
0.249959
3.22392
0.468132
0.0695127
4.4798
1.55209
0.492024
0.159418
0.735312
1.19996
0.622926
3.54149
0.95109
1.29074
0.0244131
0.211957
0.0327005
1.97195
1.10606
0.287207
0.630598
7.81108
0.416325
0.196588
0.284742
0.144479
1.66368
1.39413
0.751486
1.95163
0.0172771
0.342095
0.859642
0.252193
0.21437
1.87028
1.49971
0.740133
0.67153
0.472904
0.194113
3.49673
5.81221
0.178667
0.846648
1.16929
3.83983
2.20948
0.500733
0.195734
0.0187045
0.531483
1.90508
0.301208
1.19256
0.989941
0.275718
2.70428
0.111898
1.25965
2.42896
0.00390699
0.14948
0.099753
0.61723
0.225731
1.44136
0.0582392
0.51589
0.468297
0.580174
1.2674
1.00986
0.0292526
0.104524
0.856095
0.598848
0.989959
0.482354
0.639069
0.859847
0.0372309
0.0687775
0.0970041
0.360018
1.68643
1.71429
1.47533
0.285526
0.209222
0.608539
0.370934
0.444532
1.73594
0.115446
0.279596
0.241439
0.00924351
0.816182
0.0466162
0.432224
1.64237
0.0949475
0.488835
2.8665
1.50867
0.999897
0.0610563
0.34689
0.876352
2.77637
0.00374067
3.0435
0.141359
1.38841
3.17843
0.869189
1.08134
1.21002
0.485824
0.122318
1.29465
2.01226
0.750189
3.176
0.0833754
4.16942
0.734799
0.065568
0.919567
0.285974
0.256298
0.662492
1.70183
2.79196
1.55279
1.34829
1.05583
0.699749
1.10306
0.113389
0.750759
2.58853
0.588371
0.548757
0.343674
0.0329377
0.579755
0.431961
1.01932
4.01269
1.88102
0.528432
1.13041
0.748359
1.49374
4.18075
0.427779
0.196056
0.0192492
0.383054
0.253932
4.39444
0.351862
0.495237
0.928948
0.611078
0.0641932
0.0644021
0.0587003
0.03973
0.171179
0.384462
0.0587991
0.148772
0.0677491
0.0798706
0.447823
2.5475
1.63919
0.294554
0.303497
0.145511
0.0937751
0.400592
0.840158
1.40264
1.25983
0.320147
3.15767
1.57867
1.55459
0.522317
2.42474
3.61685
1.6554
1.17718
0.82018
0.606386
1.32666
0.476682
0.759274
0.127522
0.722762
0.0576938
6.10649
0.891548
1.58407
1.22817
0.0934071
1.34177
0.780778
1.19293
1.65325
0.828061
0.785835
0.504529
0.106631
1.0042
2.33119
3.15914
2.88809
2.33682
1.81668
2.10844
0.463836
0.585581
0.439596
1.15334
0.734483
1.50475
1.50819
0.127401
1.65541
1.13749
3.44705
1.9897
0.471753
0.266874
0.422232
0.105966
1.20649
0.307573
0.11742
1.1109
0.620967
0.183391
0.00565494
0.160774
2.15801
0.569171
0.0696024
0.305889
1.95475
1.5426
1.04433
2.34214
0.382744
0.153414
1.44165
0.75385
1.09819
1.05146
0.314297
1.10459
0.693427
0.12477
0.270833
0.0720443
2.37026
0.363911
0.254109
0.0234479
0.612894
1.44716
0.354716
2.57476
0.506702
3.74698
0.438639
0.112865
0.746864
0.444707
3.58183
2.19329
0.49563
2.37941
0.418541
0.513356
0.0388575
1.97995
0.97759
0.671941
1.91671
0.243013
0.0917763
0.068563
0.297029
0.674688
0.142074
2.07712
1.09177
0.804011
1.52414
0.605611
0.282946
1.43607
0.0121984
0.0379673
0.0896191
3.73482
2.71517
0.0117233
0.46645
1.10828
1.68923
1.34044
0.936168
0.0558203
0.507105
0.452426
1.95457
1.32034
0.234057
0.492728
0.675999
1.28488
1.3794
0.231836
0.221386
3.41664
0.0189397
0.564323
1.18168
0.464072
3.72911
2.08009
1.55512
0.850155
2.04169
0.365833
0.602701
1.3491
0.904809
0.357998
0.0785281
0.0641324
0.268935
0.600314
0.220001
0.336879
0.631062
1.83008
0.786251
2.47244
0.457049
0.0544051
1.14551
0.951631
2.51026
0.483505
0.112211
4.58491
1.07527
1.03386
0.377455
1.66032
0.142397
0.412087
0.305189
0.196579
0.965992
0.209958
1.22351
0.7548
1.17591
0.382104
0.235188
0.128448
0.152333
0.164482
0.35329
0.0603179
0.0331344
0.162048
0.766122
0.600753
3.88425
0.788337
0.37149
1.1187
2.21321
1.41174
0.750531
0.508515
1.38563
0.974599
0.767087
1.31129
1.75243
0.291485
0.0283869
0.414645
1.03059
0.399513
3.21416
0.587506
1.11731
2.8988
2.8411
0.662565
2.51508
0.88437
4.54373
0.0012368
0.632676
0.0699715
0.401266
0.215162
0.25785
0.945916
0.279641
0.317667
1.44605
2.57479
0.141845
1.18167
0.499459
0.886811
0.703873
1.72776
1.444
0.34797
1.88808
1.84028
0.523456
0.0730966
4.94782
0.126578
0.281614
0.0512807
1.08253
0.437325
0.079805
1.10942
2.49905
0.219673
0.610753
1.32982
1.96
1.99539
1.05418
0.848743
0.813548
0.740487
0.450113
0.421397
0.0470001
0.0204505
0.911118
3.03943
0.937438
0.572886
0.3234
2.42492
1.44013
0.00393185
3.34961
0.268363
0.516756
0.648527
0.00213461
0.925012
1.10029
0.664314
0.127336
0.427324
0.200417
2.63354
1.17223
2.50725
0.367206
1.11978
1.72491
1.21933
0.456582
2.91231
0.693501
2.49235
0.0690206
0.608959
0.980182
0.993911
0.117646
1.8814
2.18818
0.955163
0.311275
0.734298
0.0479731
1.84484
0.326256
0.329723
0.150149
0.813303
1.748
0.869177
1.62393
1.00711
0.159219
0.344805
1.5028
0.221226
0.639305
0.594977
2.54773
0.452115
1.5493
0.0680005
0.942774
1.85528
0.37577
3.10436
2.347
0.228824
0.425218
0.515245
1.56434
0.324544
0.67008
1.21452
0.0585004
1.7731
2.0288
1.75262
0.695955
0.69432
0.759903
0.321501
1.2852
0.830173
0.367583
0.478279
1.28923
2.53581
0.247518
0.5933
0.627028
1.52613
0.636609
0.13945
1.79149
0.262858
1.82148
2.10251
0.229457
2.00566
0.554293
0.000162618
0.773954
1.71702
0.202432
1.14704
1.59138
0.305142
1.09745
0.0356531
3.4582
0.865605
0.845091
0.335462
0.370743
2.55718
1.54006
1.33927
0.430843
0.457162
0.679054
0.0118256
0.127874
1.32893
1.71238
0.0721311
0.123079
0.964616
0.245018
0.0295185
0.224562
0.196937
2.4953
0.971719
0.44038
0.239562
0.654631
0.923504
1.00922
0.602174
2.31255
0.84347
6.49692
0.603921
1.0994
0.0427937
1.31509
5.4398
0.954378
2.89034
1.71578
0.211623
1.28661
0.833547
0.378525
1.72797
1.09656
0.388578
1.82432
1.76147
0.478282
1.24547
0.0849323
1.35016
0.361735
1.34252
0.0147725
0.529949
0.984054
0.164647
0.845523
1.87995
2.05206
0.157879
1.24778
0.169327
2.19041
0.0724145
0.14322
2.12991
0.845978
1.12315
0.707353
0.710729
1.80602
1.10593
1.21091
0.487698
0.478769
0.554192
2.32159
0.591226
1.31696
0.285877
1.92308
1.14487
0.527674
1.41771
0.0168206
1.14007
0.437806
1.5124
0.858412
0.0775578
2.73385
0.577952
1.31753
1.44336
2.28691
1.5705
1.23858
0.56755
1.49169
0.412773
2.98538
0.242531
0.532091
0.188302
0.494714
0.577936
0.0252709
1.72081
0.819184
0.0169292
2.61248
0.00329759
0.811227
1.0918
0.110075
0.54559
0.192418
0.168437
0.11978
0.502025
0.193964
0.301693
0.552858
3.09101
0.347618
0.0632629
2.36609
1.1274
2.3568
0.356313
0.908569
0.798922
0.0902287
0.766038
0.28636
0.198941
1.49925
0.21895
0.0584059
0.130556
3.02514
4.2371
7.06688
0.616911
0.171481
0.585419
0.192824
0.295711
5.2025
1.18521
1.96643
1.0614
1.47416
2.53394
1.03971
0.715428
0.491601
0.929017
2.95188
0.0425095
0.0640595
2.2077
0.10886
1.15335
0.556318
0.206485
2.68823
3.56136
0.418929
2.35404
0.165417
0.768037
2.18345
2.36885
0.0293158
1.34075
1.01353
2.03538
0.859914
1.60423
0.482569
0.189212
1.5425
0.473997
0.154916
1.16158
2.12134
0.527851
0.204837
1.84788
0.469306
1.37955
0.187627
1.03725
0.217932
0.511262
0.344651
0.236514
0.696254
0.597403
2.81045
0.139253
0.194232
0.208241
0.49111
0.168568
0.287603
2.62647
1.10343
0.258223
0.106876
0.535011
2.18336
3.66029
0.545631
3.08339
1.04609
0.644819
0.161126
0.0536137
0.122226
1.33391
0.767826
0.269936
0.177308
0.628217
1.37694
0.526356
1.35151
0.863112
0.287166
0.517643
3.12343
1.03543
1.53962
0.0512375
4.44114
0.656967
1.82854
0.732212
0.295749
0.0586715
0.467654
3.81148
1.35318
1.85035
0.372949
0.286643
0.660288
0.499697
2.37046
0.292505
1.26508
0.389502
1.14241
0.250813
0.717546
1.52266
1.65688
1.30883
0.561827
1.2245
0.747725
0.287288
1.88617
0.0873932
2.39432
0.194748
0.534587
2.81799
0.353245
0.661712
0.0960847
0.186031
0.141148
1.90698
0.906902
3.51302
0.195968
0.964434
0.280066
0.106116
1.95077
1.1225
1.03977
0.641287
1.48141
0.363734
1.21753
0.126514
1.23598
0.0334426
0.109277
0.918936
2.69564
0.0495426
0.406559
2.30129
0.788501
0.513484
2.6948
0.763266
0.379774
0.517196
0.420321
1.90078
0.62322
0.000841196
2.39562
1.49996
0.872849
0.75567
1.45851
0.982615
0.615646
0.556678
0.649724
2.99364
0.812629
3.10417
1.33114
2.77292
0.133015
0.181115
1.15005
0.300587
2.63037
1.28253
1.33719
0.577618
0.466627
2.2781
2.47149
0.637709
0.334251
0.122464
0.824758
1.4523
0.277183
0.320461
4.6365
1.09939
0.970977
0.209825
2.43982
0.0688879
0.589616
0.112903
0.373133
0.233777
3.91811
7.23924
0.370822
1.10432
0.961879
1.10768
0.236752
0.148523
0.697103
2.39236
0.560918
2.45529
0.0464075
0.235029
2.11318
1.74363
0.88083
0.911186
0.226163
0.881091
0.302072
0.377787
2.42532
0.0143925
1.50659
3.86212
1.65213
0.126105
2.13779
0.00486171
2.10494
0.12397
0.145365
0.395315
0.692936
0.382794
0.248354
0.686589
0.00344547
0.223503
2.65996
1.20533
1.17528
0.202895
3.04648
0.812155
0.414906
2.78433
2.31662
0.267617
0.190494
2.87819
0.136935
0.484493
0.237645
0.115277
0.877306
0.428571
1.38448
1.10262
2.73548
0.31124
0.0329454
1.04358
0.837473
0.915487
1.53753
0.548141
0.453805
0.929287
0.989551
0.203115
3.88338
0.0136023
0.657424
0.686411
0.976561
2.51729
0.183835
0.127199
0.142559
0.433277
0.539363
0.144887
0.194057
0.071143
1.31921
0.0241311
0.158375
1.77452
0.94556
1.36409
0.265849
1.12746
0.0617733
2.2929
2.78155
1.88564
0.364508
0.811957
0.677622
2.7761
2.50989
0.0624551
0.494158
0.427149
0.359068
0.440624
1.10398
1.69092
0.292046
1.52514
1.24961
0.268598
3.03555
0.363323
4.02496
1.77209
0.632544
2.46449
2.37164
0.137206
0.823177
1.64874
0.547044
0.690258
0.865759
0.350322
0.162045
1.98736
0.388931
3.10835
0.248773
0.151029
4.23219
0.192056
1.19103
0.773015
0.267627
2.43325
1.3252
0.554627
0.74254
2.13292
0.204228
1.95364
1.08213
0.74775
0.388761
1.11021
0.173168
2.37857
0.726593
1.31426
0.0534353
2.13016
1.92821
0.0404212
0.604489
0.934986
0.12691
0.162454
1.87994
0.578638
0.325029
0.863665
0.487107
0.236984
7.04664
0.558541
1.68266
1.53815
2.64822
1.85723
2.21577
2.06632
1.46459
0.646451
0.0572296
0.521968
0.994028
1.09143
0.446211
4.1522
0.00846521
0.910636
0.406673
1.65909
2.17407
0.698402
1.20137
0.203336
0.16239
0.575766
0.273436
1.99545
0.0146261
0.907436
0.310991
0.759347
1.02176
1.92267
0.150896
0.235144
0.551663
3.44499
0.178749
1.00705
0.458148
0.10243
0.501218
0.45283
0.0887658
2.26515
0.126216
0.209763
0.0156213
0.0731049
0.0449885
0.655452
0.826918
0.571076
0.345279
1.36355
2.49704
0.286797
1.35546
0.410216
0.718598
1.29673
0.479022
0.865263
1.93413
0.762434
0.783897
0.160852
1.12956
2.03091
0.380234
0.315359
0.0200689
2.19325
0.96676
0.253257
0.133006
0.207586
0.651291
0.102215
1.51579
0.341018
0.171453
0.398262
1.1368
0.229482
2.63186
1.03272
1.05949
0.186296
0.719798
0.728274
0.0641554
0.0405776
0.0242466
0.0346004
1.29682
2.27761
0.605424
0.776612
1.07068
1.71861
0.0747587
3.62308
3.26204
0.292641
0.415517
0.318571
2.93701
0.38485
2.67918
3.26941
2.78991
0.940591
0.18553
1.38253
0.324576
0.791556
2.23722
0.582057
3.64186
0.196529
0.404472
2.38918
2.73275
0.746918
0.289085
0.714772
1.00398
0.188456
0.28175
0.102508
1.68273
2.82804
0.201221
3.83391
0.216437
0.0545267
0.268241
1.32804
3.81215
0.176416
0.429673
1.71545
0.54025
1.06574
3.06543
0.798441
1.37152
1.12404
0.412372
0.616847
0.0664283
0.0778022
0.899371
0.192242
0.630586
1.47304
1.49187
0.529293
0.168709
0.110307
0.894888
1.93569
0.317695
1.14288
0.277505
0.16294
2.00699
0.110729
0.257442
0.329118
1.66775
0.278352
1.80933
1.80329
0.485001
0.365417
1.69315
0.808305
1.01748
0.378825
1.07593
1.08748
1.04798
0.863847
1.9731
0.595437
0.279085
3.07658
3.38886
0.0283639
1.55764
1.12713
0.792952
0.337878
0.303707
1.8168
0.628215
0.0434789
0.121739
0.290623
0.957884
1.29903
0.305828
0.869616
0.0969175
0.129595
3.5764
0.807284
0.324085
0.699647
0.689702
2.2565
0.190082
0.435277
0.0563268
0.129531
0.885527
3.71156
0.178914
2.77069
0.234898
1.15669
0.345787
0.53025
0.155176
0.396258
0.758837
2.38566
0.59137
1.30642
0.363733
0.168852
0.290531
0.61578
3.83215
0.709782
1.09637
0.515011
0.733677
0.0702844
2.93246
0.953115
0.808856
6.04705
2.66332
0.204403
1.60654
1.19473
2.17955
0.482436
3.88209
0.288616
0.252943
0.362233
1.20153
0.0882909
2.95027
0.0373784
0.501645
1.80352
1.83639
1.36782
1.04052
4.07061
1.73022
0.540058
0.897872
0.43875
0.292338
0.611736
0.128104
2.44473
3.49524
0.118269
1.0312
0.144535
0.0156306
1.16242
1.6921
1.09806
0.767856
0.27846
0.500144
2.0179
1.57202
1.49425
0.130419
6.65478
0.953117
0.61186
6.01448
0.719845
1.48775
1.84715
0.285057
1.84553
0.518823
1.00238
0.197047
2.24456
0.0209127
1.44002
2.0933
3.09688
1.192
0.195926
2.56946
0.915692
1.91524
3.12347
0.662803
1.55635
0.863896
2.45282
1.47282
0.327574
0.129206
0.0552829
0.0190237
0.0591737
0.365832
0.232964
0.181385
1.19322
0.791432
0.181356
0.145848
0.772628
0.375087
1.01657
0.631628
0.112639
1.49012
1.41428
0.562306
4.16546
0.547959
1.40374
0.882653
0.0205974
1.79987
0.0902354
1.18043
1.34938
1.24137
1.06333
0.197184
2.87422
1.36524
1.84951
0.270534
0.221787
2.6705
1.22366
0.852143
0.0605778
0.47945
1.42291
1.39881
1.88979
0.0187452
0.797716
0.0674431
2.11009
1.78294
0.187084
0.387686
0.445789
0.0667707
1.71334
0.387337
0.106982
2.90344
1.23313
0.0304362
0.521451
0.252322
1.25064
0.745305
1.218
0.164216
0.663398
1.7934
0.14166
1.00615
1.11733
0.806252
1.24893
0.630903
0.755472
0.301878
1.17689
2.599
0.567888
1.50764
1.46382
0.113425
2.70678
0.0470697
2.47101
0.950764
0.796414
0.154204
0.081864
0.0493674
0.792365
3.10582
1.56606
2.2112
0.295786
0.228224
0.363874
2.10553
1.00103
0.615201
0.216329
0.892929
0.696758
0.66035
0.154504
2.37731
0.781308
1.92723
0.805374
2.20645
0.96814
0.425842
0.35181
0.801976
0.185211
0.15255
0.0590178
3.50087
0.14307
0.0740052
0.233084
0.853695
0.456896
0.469807
2.67796
1.72594
1.35292
1.94494
0.975413
0.997999
0.513087
0.576355
1.33466
0.978517
0.188158
0.390011
1.26358
1.35146
2.18212
1.9105
1.0901
0.143115
0.345557
0.435179
2.05449
1.90547
0.0641556
0.135503
0.0269531
3.22147
3.22292
2.56309
2.30308
0.85815
0.031014
1.05757
1.4492
1.99971
0.584856
2.09118
0.60042
0.146381
2.87849
1.02719
0.75113
2.02939
1.11008
1.46943
1.57966
0.0860441
2.79203
2.38104
1.48134
0.0709163
1.30015
1.0195
0.7024
0.47757
0.0727603
2.20391
0.28512
0.793006
1.46803
1.44117
1.27415
0.439587
0.568436
0.477361
0.308462
0.314298
0.651965
0.591693
1.61596
0.274918
2.97959
1.93614
0.663429
0.58211
0.285996
0.749434
0.769736
5.70204
0.258036
0.711637
0.947484
0.295804
1.91294
1.1649
2.18037
0.693853
0.567758
0.164821
3.20559
0.500179
0.407251
3.32345
0.0785696
0.484163
0.358567
0.0822006
2.74741
1.24889
1.74743
0.603179
0.118788
0.523686
0.305716
0.61884
0.0719529
0.579967
0.141339
0.664086
0.103344
2.63038
0.416833
4.06119
0.295085
0.510238
0.113677
0.723555
0.16246
0.86239
0.102682
0.683561
1.66653
2.76034
1.18327
0.626735
0.048904
0.00594652
0.752789
0.385188
2.57653
1.25401
0.961955
0.727317
0.892027
0.439055
0.27275
0.524562
0.122247
5.21451
1.07658
0.00950089
1.5002
2.33434
0.89449
0.503759
0.310661
0.702854
0.505802
1.91284
0.146795
1.89136
0.361795
0.373811
0.0564686
0.0261188
0.938162
0.138725
0.0285455
1.68293
1.98986
0.00408809
4.22918
0.402045
0.450255
2.43309
0.281388
2.65433
0.678577
0.50324
1.15103
1.41088
1.20359
0.2141
1.40771
2.7681
0.285283
1.7751
1.49417
2.53338
1.33176
0.624732
0.0932174
3.05519
2.23145
0.471009
0.632465
3.71145
2.5037
0.946837
0.000129729
0.0863738
0.822804
0.75279
0.955991
0.281055
1.02906
1.15077
1.32684
2.0051
0.790598
3.41266
0.354183
2.68047
0.407841
0.408002
2.0227
1.27997
0.507951
0.240123
0.683463
1.74908
1.6138
0.993199
0.25808
0.320021
1.74687
0.139672
0.63991
0.344267
2.22599
0.958134
1.09931
1.64014
0.0615277
0.0274931
2.25695
0.276947
1.04599
0.148512
0.242005
0.18776
0.906037
0.804458
1.50716
2.51886
0.579891
0.865093
1.21103
0.260507
0.383778
1.2294
1.20383
2.35921
0.927701
0.294219
0.0909748
0.235619
0.478435
1.57574
0.938244
0.731823
0.351448
1.39544
0.96741
1.71904
0.561328
1.00131
1.56253
3.09436
1.2507
0.0926742
1.76403
0.00353251
2.96884
0.826555
1.7997
0.173657
0.011906
0.553654
0.562351
0.803047
2.83553
3.02994
0.150224
2.03751
0.655303
1.81052
0.285971
0.951511
0.70946
0.468397
0.97996
0.669852
1.06445
0.506289
1.59314
0.316661
0.216432
0.114901
0.220223
1.25871
1.81997
0.978063
0.506399
0.403505
1.87203
1.22941
0.447418
0.383331
1.18718
1.13766
0.0631308
0.0620663
0.0490736
0.0675605
1.58232
0.471043
1.35655
0.520501
0.0642603
1.15983
1.26059
1.67948
0.127417
1.59975
0.0977782
0.83789
0.426667
2.45327
0.634824
0.685803
0.111027
0.216284
0.61874
0.277081
0.122073
0.640125
0.0363525
0.327191
0.175929
0.617192
3.99414
1.24422
0.222312
0.681845
0.28796
0.147372
1.59064
0.431099
1.37294
0.102266
0.184031
0.255687
4.45971
0.258586
0.0837481
0.825438
2.33092
0.397314
1.29876
3.03852
0.941016
1.91819
0.368284
1.92047
1.39828
0.708509
0.491223
0.518877
0.223948
0.39694
0.363865
0.0207409
0.679501
2.23342
3.14021
0.0177326
0.519645
0.735001
1.19957
0.923491
0.0376289
0.227639
1.42
0.871468
1.232
0.533843
2.27603
0.134572
1.90325
1.13049
0.926536
0.922837
0.240791
2.03312
0.337026
1.61786
0.414962
0.118355
3.48947
0.109929
0.049663
0.544707
0.0435978
0.709138
0.504397
1.38467
0.337218
0.316978
0.582821
2.32758
0.545663
0.307513
2.84671
0.465446
1.86279
0.202525
0.142915
0.478937
0.010895
2.23746
1.4499
1.13313
0.794018
0.125256
2.03236
1.80149
0.701629
0.372995
1.25652
3.72144
0.671973
1.00269
0.440415
1.37303
0.0424132
0.0482508
0.712075
1.54335
1.19739
1.83227
0.0351536
0.344881
0.21042
0.4926
0.273357
7.07703e-05
0.533753
0.923641
0.0704715
1.25775
0.230643
0.7915
0.884349
2.51554
2.2608
4.0401
0.777516
0.26524
0.531178
2.21044
0.07881
1.19501
1.05299
1.118
0.931525
0.123623
0.892018
3.6335
1.0904
0.542172
0.889919
0.0457266
0.576548
0.966289
0.955169
1.21007
0.0284611
0.84172
0.733772
0.259441
0.348126
1.90798
4.97745
0.556583
0.830928
0.773016
1.07847
1.76573
7.00399
1.04702
1.9969
0.39656
1.84583
0.959191
0.556978
1.04295
0.919561
2.31148
0.837706
0.546859
1.13585
0.11191
0.508264
0.0462393
1.15354
2.73271
1.69967
1.79941
0.210237
2.69898
0.7388
1.29394
0.0399403
0.38327
0.043393
0.0122716
0.170678
3.77232
0.241823
0.357024
0.735763
3.7062
0.385302
2.60162
3.8372
0.145664
0.366356
0.246573
1.18758
0.830338
0.423098
0.713062
1.32818
1.54776
1.20665
0.361732
0.434448
0.266212
0.123934
1.29958
1.29519
0.149082
0.217353
0.41931
0.358063
1.35015
1.7439
0.16298
2.35661
0.134666
0.157415
0.59366
0.960995
2.21137
0.0227718
2.50234
1.26719
0.143027
0.557189
0.544888
0.846738
0.477334
6.40803
0.853184
0.261433
0.234361
0.134448
0.0698148
2.23427
0.170257
3.33702
1.24704
0.726514
1.26021
2.9292
1.31374
0.619732
0.555249
0.668142
0.973321
4.07219
0.721448
2.76977
1.43744
0.247668
0.256176
0.40205
1.09362
1.75867
1.57646
0.0019417
0.0188877
0.434125
0.456342
0.623954
0.501247
0.877255
3.12277
3.22419
0.449364
0.429461
0.129541
0.338896
2.86804
1.08756
0.867063
1.79279
0.266288
0.873307
0.475347
2.28139
0.749644
1.27841
0.291254
0.365501
1.46703
0.00298885
1.58151
0.0648373
3.09384
2.08258
1.1553
0.991113
0.424408
1.26723
0.333308
0.928474
0.199298
1.72862
0.282647
2.02713
0.943868
0.515761
0.449352
0.246286
0.228651
2.47437
1.66471
0.549533
0.000421602
4.40258
0.106974
0.209191
2.5232
2.46902
1.8072
1.76158
0.177802
0.93191
0.314438
2.10439
0.622893
0.591814
0.307389
0.448567
0.326417
1.76371
1.53241
2.95064
1.04026
0.166232
0.36551
2.49797
0.0782189
1.46958
0.298744
0.931685
0.112821
1.03513
0.261665
0.0658124
1.8494
0.181592
1.97311
0.185564
0.149143
0.329958
0.237406
0.249294
0.146567
0.557959
0.768987
1.29524
0.287527
1.23208
1.50372
0.0730832
0.097094
1.03307
0.533296
0.229783
5.87105
1.01273
1.10984
0.928877
0.22779
2.98641
1.60075
0.959027
0.213089
0.0403235
0.191161
0.983244
1.10635
1.36039
1.20146
1.69255
3.2501
1.07807
0.836121
1.44373
0.49053
2.14567
0.0031216
0.0284148
0.594941
4.3497
1.03731
0.0609231
0.264508
0.222892
0.544245
0.247169
0.76984
0.150234
0.698548
4.02758
1.55671
0.304142
0.945527
0.983291
0.617016
0.035159
0.967476
0.552571
0.130201
0.212499
0.792658
2.46763
0.270933
1.11741
3.5163
2.2359
0.219663
1.05272
0.601226
0.267274
0.677612
0.679934
3.05796
2.50625
1.99522
2.35532
0.496266
0.299358
0.340913
0.616491
0.947295
0.382597
0.352518
0.583428
0.235347
0.071066
0.310232
1.65138
0.888394
0.929105
1.66672
0.697451
2.62386
1.95189
0.39544
0.331373
0.944907
1.94233
0.667156
1.44305
1.00303
0.761261
2.14237
1.70796
2.09163
0.452706
0.42711
3.39555
0.109039
0.41295
0.482684
0.320881
0.127379
0.27576
0.0293443
4.45962
1.62998
0.127884
3.52759
0.524933
1.17267
1.13717
1.47689
0.108029
1.00567
1.42282
2.80426
0.0971634
1.86309
0.340999
0.0613439
0.351435
0.34837
3.2462
0.887915
0.268213
0.492478
0.0229715
0.0868739
0.444495
0.10065
0.822372
0.979599
1.60084
1.05248
1.11414
0.293662
0.157729
1.02583
0.123744
0.240042
1.05434
0.248722
1.13271
1.18943
0.725426
0.638049
0.391553
0.265834
0.701029
0.0774471
0.192454
0.0551343
1.59345
0.248105
0.0462017
2.43343
0.672111
0.202241
1.05038
2.30863
0.198595
1.47988
0.592272
0.579599
0.554395
2.78051
1.40166
1.36203
0.788378
0.12344
0.0732628
1.59433
0.611994
1.71273
0.0409494
1.68433
1.12919
1.906
1.47084
0.137195
0.518462
0.581627
0.827793
0.784243
1.87139
1.53496
0.261936
1.32581
2.87823
1.77492
0.951692
1.51782
2.42605
0.261943
0.537294
0.74876
0.457453
0.727668
0.63111
0.564904
1.67614
0.285569
0.0108466
0.692006
0.260872
0.455461
1.58123
1.24256
0.437042
1.38113
0.229285
0.0934787
0.98195
1.33419
0.761524
2.28278
6.57444
0.258256
0.306245
1.15582
0.740999
0.350556
0.48586
0.480532
3.57568
0.0253088
2.05793
0.525781
0.753514
1.43361
0.261393
1.33508
0.525708
0.0167498
0.473781
0.758527
0.339044
0.297732
2.64784
0.677946
4.11789
1.95738
1.1005
0.540751
0.172609
1.63874
2.12747
1.07026
2.50458
2.49839
0.502342
0.129724
0.246568
0.121795
0.678313
1.59563
0.951633
0.691122
0.62375
0.209463
0.324506
0.792366
0.590314
0.881064
0.202205
1.81968
0.165372
0.785201
0.498404
0.0715197
1.61408
1.30411
0.595117
0.598008
0.188232
0.00258161
0.162021
0.0883463
0.427254
1.00201
1.71034
0.554911
0.17702
1.22605
0.500632
1.31749
1.3482
0.211801
0.564955
0.0909954
0.0268491
0.202736
2.04192
0.123413
0.232171
0.250814
0.0580973
1.90612
1.37658
0.927795
0.449027
0.413162
0.827791
2.59981
0.24613
0.136877
0.925166
0.731145
0.328758
1.97555
0.196321
0.219936
0.960709
0.195662
5.1696
1.77131
0.649445
0.00101294
2.6785
2.82141
0.631129
0.24128
0.95077
0.512226
0.350921
0.251867
1.19354
1.85665
0.460823
0.179283
0.677596
0.188426
1.14316
1.16052
1.90324
0.335007
1.49386
0.58958
2.86098
0.933804
0.901464
0.097677
2.97033
0.645789
0.286782
0.0508998
1.94646
0.00710596
0.765871
2.45404
2.33111
0.13288
0.306083
0.921624
0.926209
0.439695
1.4191
1.75097
0.0850521
0.455119
0.203556
0.659124
0.0593011
2.4576
0.992432
0.254678
0.40312
2.12385
0.48749
0.253113
1.38051
0.101736
0.423825
0.233254
0.572539
0.351162
1.47733
0.21124
0.536925
4.66114
0.00179251
0.351664
0.232988
2.51353
2.63395
2.8343
0.0491347
0.248798
0.544969
1.58986
1.96528
0.46841
0.158646
1.29631
1.94361
1.00116
1.10837
0.208006
2.03341
0.116346
0.0376003
1.50261
2.21575
0.105152
1.90434
0.0642634
0.551164
1.05865
1.94962
1.18447
1.58748
0.14143
1.17138
0.124792
0.965356
0.633788
2.14639
3.11586
0.758043
1.68057
1.85607
0.686454
1.9936
1.4589
3.7201
0.23971
0.281551
0.740223
0.172143
1.70117
0.0627431
0.825921
3.465
0.576596
0.806788
1.02107
0.757581
0.802852
0.29723
3.2461
0.207198
0.132106
0.060575
0.491892
0.111618
0.155928
0.386066
1.62034
0.836821
0.990785
0.250669
1.54839
2.98118
0.338152
0.0716947
0.764101
1.33569
0.3092
0.523574
2.85317
0.0259966
4.83496
0.336249
1.8525
1.03922
0.700618
0.466699
0.0154516
2.08877
2.14993
1.45485
0.516151
1.71509
2.41529
1.60959
1.07937
2.3796
0.631769
0.726009
1.16674
0.59651
0.225109
1.65675
0.377825
0.0629919
0.602067
1.25524
0.719395
3.6356
1.32863
2.57888
1.22452
0.984593
2.35869
6.43966
0.324101
0.362383
0.0329409
0.0706789
1.49064
0.0241177
3.10995
3.63048
0.142215
0.436798
0.0494207
1.6031
0.329874
0.713049
1.30308
1.55788
2.18027
0.184945
0.0623171
2.26035
1.24979
0.878904
2.64517
1.01466
1.01946
0.0434019
1.18646
3.35226
0.349285
0.00947417
0.54409
1.85479
2.1658
4.14573
1.74406
0.344694
0.713799
0.347736
2.14397
2.45707
0.00844926
1.92528
0.51906
0.250302
0.0604852
0.237216
0.0138402
2.30391
2.40783
1.07553
2.83963
0.517244
0.136451
0.641011
1.42773
0.0650565
2.11709
1.4218
0.749505
1.90603
1.54935
0.108834
0.329307
2.64672
2.00027
1.17741
0.245768
0.192724
2.25188
4.06534
2.43848
0.425319
2.5634
0.0329896
1.85688
0.586558
1.34331
1.12253
0.961818
1.47941
1.36661
0.265628
1.43162
3.35202
0.574916
2.96459
0.184598
2.41747
1.11375
3.01535
1.05277
2.06701
0.47446
1.13953
1.24938
0.357357
0.392393
1.62102
0.345664
1.03794
2.13075
0.202872
0.447417
1.07267
0.75279
1.78141
1.33976
0.83859
1.15949
0.0512436
0.0419845
3.28591
0.436064
0.0332802
0.278625
1.35456
0.255047
2.05473
1.45496
0.0714246
0.441257
1.33573
1.0609
1.90967
0.0505783
1.47911
1.12893
0.347652
0.0234265
0.577712
0.989151
0.990037
0.684511
0.48275
0.378615
0.162306
0.763118
2.96571
0.1795
1.16219
0.804773
1.22387
1.71946
2.82857
0.520131
0.183389
0.6411
0.647553
0.192398
1.08453
0.150924
0.0498967
0.824643
0.0125264
0.609603
0.27078
0.0305977
1.4616
1.7517
0.276358
1.02522
0.825638
0.725897
0.11486
0.0226527
0.563786
0.812488
0.205751
0.597911
0.685625
0.686163
1.43922
2.48118
1.02044
1.15692
0.48918
1.71191
0.290623
0.0812179
1.09564
1.47189
2.2622
0.217382
0.185725
0.807219
0.869412
0.885165
1.29979
0.302586
0.1122
0.0746955
0.00433231
2.34237
1.05008
0.289081
0.973365
0.441557
0.308678
0.217486
0.524673
0.77821
0.0339046
2.43536
0.0734038
0.19585
1.69454
0.413404
0.250299
0.407278
1.79388
0.00581117
0.145894
1.34814
0.00395454
0.729457
3.19785
0.829378
0.901408
2.55371
0.229948
0.384379
2.63914
0.125721
2.73605
1.55837
3.07284
0.262059
0.969101
0.157673
1.57999
2.65467
0.67778
0.359173
2.45823
0.645242
0.133852
1.6974
1.05357
0.405734
1.12228
0.371426
0.232634
1.44756
0.705029
2.8215
0.982794
0.0436984
0.726011
0.880206
0.167959
1.72533
0.0947681
0.472188
0.637363
0.474102
0.621239
0.633212
1.37355
0.0101334
0.545127
2.56801
2.36592
0.627548
0.514013
0.514436
0.72222
1.7268
1.39714
0.362859
0.0110691
0.692963
2.73632
4.80039
0.884867
0.52635
3.60324
1.35715
0.263161
0.611095
0.507384
0.131073
0.961553
4.05795
0.831464
0.0254326
0.143099
2.58989
0.852545
1.76533
0.313371
0.907992
1.07071
0.633026
0.628732
0.0232019
2.24645
0.522048
1.05413
0.00743107
0.236584
0.340215
0.272627
0.264785
1.97883
1.72063
1.57906
0.945704
1.41448
2.51254
0.171027
0.344582
4.55151
0.737436
1.85133
0.302061
2.23351
0.255649
0.105858
0.248229
0.184874
0.182899
1.98358
2.67997
1.55254
1.26745
0.723311
1.16283
1.24605
1.20492
0.0107379
0.591955
2.20498
0.634883
0.289671
1.83201
0.266188
0.463393
0.289973
0.840953
1.29922
1.16694
0.989898
1.10881
2.56117
0.549291
0.501706
0.670533
1.34495
2.02162
0.315732
1.09471
0.162165
1.05541
0.0779149
3.43695
1.79332
0.587557
2.33315
0.510403
1.41722
0.475222
0.397978
2.87405
0.0218069
0.00945736
0.419048
0.316326
0.487536
0.926118
0.0697744
0.813243
1.83544
0.476937
0.0576196
0.235395
0.0850177
0.677838
0.400087
2.92445
0.295138
1.00834
1.09087
1.53937
0.349319
0.10863
0.0173864
0.388802
2.98915
0.912115
1.31642
0.982203
0.133896
4.16835
0.32172
0.939565
0.646055
0.0906283
0.610841
0.270697
1.65618
1.45438
0.871633
4.10122
3.32326
2.53207
0.0151335
3.34704
1.26996
0.986777
1.23015
1.17492
0.457156
1.1021
0.605982
1.164
0.924421
0.57441
1.21064
1.94048
0.331418
0.349989
7.99627
0.0937285
2.55033
0.68713
1.64631
1.19649
3.13222
1.23779
0.588253
1.6887
0.753154
0.558428
1.79275
1.24578
0.671206
0.469433
0.965583
0.307115
1.21164
0.0679559
0.969816
0.528863
0.273582
3.29646
0.407252
0.417027
0.922048
2.76627
0.767542
0.0616956
0.429231
0.150082
0.734284
0.576388
2.28308
0.870734
2.40373
3.69127
0.260652
0.646031
0.480131
0.477646
2.2837
0.419716
3.02789
0.00464326
0.0809909
0.660741
2.45073
0.803071
0.496242
0.206135
1.60824
0.168568
1.67934
0.989553
1.38937
0.0234548
1.00592
1.69869
0.780221
0.278943
0.332549
0.637754
0.845968
0.472332
0.465657
1.12442
0.578647
2.51157
0.589256
0.302615
0.413737
0.925786
0.852488
0.551575
1.5991
2.65256
0.382012
0.80401
1.58836
1.78181
1.03264
1.27456
0.167197
1.29122
0.401565
0.639408
0.18865
0.681349
1.70338
0.243304
0.186951
0.0623826
2.04135
0.39069
0.831933
1.26518
0.572601
2.16314
2.03368
2.01694
0.681101
0.894152
0.11532
2.49743
2.4549
1.00804
0.063579
0.111355
4.43247
0.44755
0.0306948
1.17568
0.80827
0.694805
0.2582
1.45491
1.96267
1.33484
0.664735
1.51366
1.65668
0.0102479
6.3453
0.312218
0.340012
0.345714
1.21865
1.88795
0.643604
0.19573
1.27743
0.540869
0.879016
1.42514
0.128397
1.62982
0.0180821
3.35338
1.244
0.032662
1.35728
0.280209
0.1147
3.06364
0.134524
3.40172
0.876434
0.871261
0.818937
0.0588947
0.29751
0.178462
0.117308
0.892433
0.0436918
0.418539
0.964458
0.121503
1.19743
1.26049
0.689065
1.3461
0.592317
0.312149
2.42852
0.224098
0.878706
0.139486
0.452198
0.383343
1.04056
0.339021
0.0353967
2.38738
1.62999
2.09722
2.02103
0.948194
1.14177
0.499931
0.829746
0.823273
0.693991
0.397311
2.19046
1.5951
0.301525
1.06632
0.0799402
4.20662
0.768836
0.618849
0.0182939
1.18931
0.389232
0.219567
0.0811614
0.442934
0.724923
2.8951
0.85088
0.754789
0.131916
1.92087
0.706355
1.28561
0.13202
1.39998
1.04456
2.23622
0.429832
1.55721
1.01184
0.709707
0.362441
0.797701
0.592054
3.44254
0.0311628
3.66103
1.56201
0.258694
0.41054
1.64393
1.12632
0.0304105
0.0458277
0.444992
1.22935
0.843515
0.0880588
0.0865821
0.370636
0.432907
0.000467435
1.60056
1.04732
0.296452
1.31044
2.37516
0.793816
1.46704
0.513102
0.830168
0.204746
0.528474
0.354599
0.672821
0.478635
0.254393
1.49205
0.787994
0.333496
0.232815
0.874432
0.951158
0.493636
0.224425
0.081235
1.3767
1.35053
0.561932
1.93794
1.87066
2.12188
1.31866
0.376704
0.222278
0.541277
1.30859
2.98471
0.421001
0.0465624
0.103958
0.69426
3.77228
0.881633
0.144394
0.947197
1.34193
1.62971
0.0672803
1.10205
0.4063
0.681094
1.09788
0.338635
2.1233
0.900255
0.278629
0.846991
3.80078
2.123
0.94069
0.696648
0.0241269
2.00384
0.00360168
0.553547
0.695051
0.665309
1.00607
1.94155
0.289091
1.01618
0.531505
0.672766
0.683967
0.133499
2.69048
1.7192
0.224012
0.176981
0.353806
1.26744
1.2282
0.593055
7.39794
1.85286
0.217884
0.0804498
0.541721
0.650751
1.80632
0.501848
2.31761
0.392241
2.09421
0.539046
1.11521
1.44175
0.435061
0.698037
1.20644
1.35181
0.700024
1.44895
0.498025
0.80264
0.9613
0.755474
2.98645
1.21753
0.382336
0.50043
1.27946
0.680955
1.81349
0.277775
0.143832
1.97869
0.506789
0.613726
0.64231
1.84648
0.655904
0.451157
0.142353
1.98879
0.284031
1.8209
1.40388
0.0749925
0.221389
0.202377
0.391187
1.61568
0.177615
0.848443
0.0814165
5.66391
0.833859
5.39117
1.65793
1.95546
0.0779964
0.137071
0.139902
0.377966
0.88627
1.27799
0.305036
1.69491
2.48611
0.207602
0.222846
2.33559
0.777372
0.0435585
1.3681
0.322942
0.979453
0.396039
0.204771
0.338988
0.00107975
0.970006
0.740024
0.347307
2.10834
1.79569
3.30285
2.2599
1.23025
1.43856
3.72028
0.0971535
0.179632
1.14647
0.35016
0.166129
0.765035
0.465834
3.07231
1.94795
0.408219
6.85998
0.748743
0.226461
2.34896
0.484915
1.00351
1.76325
1.47479
1.73986
1.50891
0.125792
2.15027
2.71812
0.868757
0.530069
0.409079
4.94395
2.34729
0.872697
0.308489
1.13409
3.03669
0.325524
1.68896
0.410207
2.52077
0.219749
0.580496
1.81429
2.44804
0.0415119
2.07372
0.206767
1.63277
1.39692
0.528206
0.421543
2.53008
0.369869
2.16153
0.289342
0.788115
0.233262
0.938202
0.486063
0.0817303
0.248893
1.34765
0.369297
1.47398
1.34027
0.204681
0.560134
0.392844
2.18165
0.465619
0.205678
0.714041
0.517412
1.41991
0.153148
1.81585
0.633282
0.176238
1.82416
1.21627
0.120099
0.365132
0.13931
0.0250119
1.86053
0.226976
0.661463
2.05526
0.166826
1.74399
1.62399
1.34388
0.372196
1.45856
3.82315
2.55567
1.69386
0.981972
0.845451
0.165091
0.619973
1.96577
1.45632
1.407
0.344382
0.374405
1.73489
1.34621
1.91031
0.122656
0.333777
1.22966
0.229967
0.583837
4.97257
1.94088
0.812202
0.82505
1.07323
1.29254
0.943253
0.00623285
0.816628
0.0586128
0.220287
1.37399
0.054877
0.610151
0.0240098
0.630117
1.15356
1.56218
2.24133
0.228982
0.83024
0.0835364
4.77703
4.34882
1.29093
0.703535
1.71192
0.21523
1.2598
0.0759726
0.33672
1.17709
0.248697
0.0355655
0.0946267
0.313513
0.677001
0.743605
0.371378
0.772794
0.0273165
1.19954
1.69433
2.10536
3.0399
0.207793
0.120624
0.29699
0.199051
2.94783
0.0386251
0.914852
0.487968
2.50192
1.22265
0.849165
5.37414
1.52643
0.443055
0.79614
0.748085
0.413903
0.289065
0.175229
0.39867
1.33061
1.26003
3.3573
2.85343
0.0956843
0.362866
0.271522
0.435786
2.51495
0.589515
0.229171
1.46725
0.889127
0.325676
0.443628
0.35307
0.0802764
0.32329
1.24325
1.0994
1.37179
0.25158
2.34247
0.0678491
2.30951
1.19375
0.112883
0.0436871
0.203122
0.118757
1.52186
0.0690409
1.80103
0.299756
1.02508
0.416641
2.25146
2.05615
2.57986
0.817266
0.0837126
0.51056
0.58558
0.0875769
0.0870249
0.291162
0.665716
0.365384
2.40434
0.228844
3.97833
0.418028
0.914069
0.485082
0.58513
0.333828
0.490042
0.365952
0.949833
1.67203
0.32259
0.197691
0.284039
0.435772
0.129092
0.308459
2.7125
0.817124
2.13504
0.182315
1.28492
0.919991
0.0496006
0.510071
2.10906
0.76974
1.73873
0.661622
1.16813
0.266707
1.15095
1.26439
1.87945
0.590636
2.51604
1.54108
1.78574
0.666745
0.537824
0.337109
2.92895
0.291179
0.417695
1.78216
0.15399
0.92699
0.149775
2.25678
0.472309
0.367897
0.877034
0.751357
0.337566
2.79289
2.62163
0.610456
2.64759
0.45931
5.89827
0.309762
0.408497
0.705537
1.57609
0.705834
0.209239
5.18367
1.88321
0.333837
0.954342
1.41236
1.77969
0.285253
0.516283
0.796064
0.428443
1.16255
0.342819
0.759772
0.139471
1.58553
3.43822
0.23313
0.183867
0.711529
1.87287
0.254738
0.175554
0.148751
0.573
0.235732
0.197439
0.0352383
0.346464
0.24769
6.88835
3.68065
4.33964
0.691901
0.741439
0.0831266
0.0303093
1.26638
0.334239
0.100328
4.44064
0.91312
1.24899
0.291738
0.431827
0.615105
0.280419
0.681729
1.25706
1.44856
0.0486311
1.05671
0.0286109
0.608866
1.1146
0.702051
1.41517
0.221185
0.444712
0.202715
0.654434
1.79448
0.567959
2.18381
0.671243
0.585795
0.224314
0.132846
0.723749
0.493759
4.00275
0.18704
0.0174578
1.13622
0.682466
0.157369
1.18309
0.296917
0.408785
0.0223928
0.471335
0.326657
0.252762
0.380732
0.703202
0.895698
1.58574
0.667907
0.330643
0.549239
0.86756
5.46024
1.72766
0.0288861
0.597436
0.393504
0.75089
0.396307
0.0154758
0.828813
0.579202
0.534188
0.126109
2.76534
0.154917
1.32031
1.48257
0.581663
0.667419
1.05252
0.421094
0.141167
0.00306992
1.35429
0.758832
2.13646
0.382331
2.72459
1.22095
0.690451
0.989911
2.8856
0.697995
0.895092
1.63338
1.10091
0.350224
0.0881733
0.299632
0.956097
0.240928
0.00442405
0.973523
0.209744
0.0531373
0.482286
1.22072
0.846162
0.447145
1.2472
0.314285
1.95463
1.08753
0.845502
0.719067
1.7742
3.02594
0.896974
1.94583
0.336667
2.89787
0.454167
0.0858169
1.76613
0.0560283
0.312161
1.47713
2.10096
0.198462
0.655589
0.215462
2.70463
0.94506
2.00602
2.10081
0.550361
1.15135
0.343268
0.321325
0.759825
0.127074
0.0459306
0.201082
1.25509
0.493419
1.60679
3.25472
0.3652
0.161237
1.29435
0.374685
0.715339
0.0539164
3.30787
0.492022
0.0105395
2.30724
0.0767464
1.2419
0.0754265
0.979407
0.402782
0.489757
1.38571
0.645091
0.555151
0.160073
0.733042
0.882634
0.687319
1.60529
0.367539
0.713099
0.480529
4.16616
1.98495
1.57607
2.68237
0.80217
0.337865
0.381026
0.320525
0.68204
0.706559
0.223342
0.382242
0.658232
2.11417
0.41428
0.893446
0.423988
3.17044
0.245436
0.702756
0.712888
0.0770688
0.00393813
1.31904
0.25657
2.02452
0.98367
0.338423
1.59379
0.19626
0.831728
0.309787
0.131406
1.40617
0.0374372
0.874404
0.950892
0.0407924
0.218897
0.190542
0.424581
2.86188
1.07824
0.473034
1.69035
0.119991
5.56795
0.620336
0.328306
0.274932
3.42132
0.409623
1.85533
2.09057
0.268565
1.25141
0.0836213
0.0945266
0.102905
0.339502
0.147469
0.706381
0.215727
2.19219
0.258787
0.877572
0.0503451
0.896808
0.024425
1.68764
0.00768002
0.171763
1.10283
3.03518
0.115913
2.94442
1.96889
1.3617
0.494456
0.531778
0.609493
1.493
0.145731
2.03566
0.0210974
0.260127
1.64651
0.195432
0.328449
0.803366
0.49072
0.260166
0.340722
1.99721
2.75528
0.051182
1.04021
0.176932
1.33783
0.0730772
1.51391
0.627665
1.08499
0.417859
3.57059
1.35033
1.92588
3.2322
2.35725
0.608042
0.232398
0.180653
1.80536
3.57101
0.119415
1.30473
1.00739
1.77719
0.375886
0.377782
0.71317
1.3798
0.58085
0.215031
0.283745
0.524161
0.7436
0.379087
0.356831
0.899217
0.122198
1.12834
1.42297
1.49869
0.700052
1.82453
3.37771
0.892031
0.448877
0.387238
2.73432
0.23239
0.260785
0.112271
0.678152
0.793187
0.257436
0.456539
2.48888
1.25041
0.85688
0.0861183
1.30623
1.79664
0.192845
4.36718
0.23604
0.41903
3.99942
0.57571
1.38109
2.13251
1.23284
0.01834
2.67063
1.1654
0.00670376
0.139176
1.58502
0.793118
2.71628
1.06562
0.703285
0.134775
0.155281
2.32824
0.436015
0.795081
0.59446
1.59947
0.228249
0.821221
0.12956
1.10397
0.17627
1.01603
0.610605
0.370602
0.14193
0.269754
0.0942868
5.08205
0.667671
0.440087
0.191801
0.224903
0.175282
0.155254
0.294712
1.3036
0.133372
3.67107
2.4429
1.16608
0.323227
0.187988
3.59922
0.184909
0.284854
1.89427
3.15533
0.222876
0.987768
1.58744
1.88356
0.656456
0.113821
0.982779
1.19633
0.813962
2.19411
0.13653
0.819749
0.26165
0.134788
4.20755
0.360454
0.909678
0.0956148
0.364224
0.875169
0.620135
0.678136
0.116199
0.163808
0.67057
2.25145
0.946469
0.0100034
0.564421
0.227845
1.15243
0.210036
0.134442
0.377159
0.0546556
0.160942
1.16799
0.711131
2.69514
0.941346
1.0636
0.27209
0.801315
0.0588018
0.817962
1.74904
0.807997
1.13208
2.01547
0.0980749
1.32136
0.60518
3.29007
0.199444
1.16604
1.47916
0.270225
0.811117
2.798
0.425491
1.63877
1.5068
0.0122427
0.158458
1.86092
0.193481
0.164227
0.25086
0.405071
0.314122
0.346489
0.543645
0.046587
1.07895
0.864178
0.505784
0.396987
4.06137
0.500822
2.86334
0.667158
0.374585
0.790073
0.892059
0.126877
0.080327
0.188204
0.804747
0.220879
0.141473
3.4738
0.7755
0.547693
0.487123
3.7318
1.13967
0.528164
0.233907
0.504771
4.48911
1.20685
0.790014
0.790406
1.38989
0.547692
0.00774569
0.933574
0.109485
2.30436
0.218639
0.0659524
0.141862
0.206841
2.38495
0.523877
0.341782
0.203299
1.08872
0.260607
0.147101
0.0238857
1.07559
0.736597
0.650178
0.616402
0.430574
2.08198
1.65219
0.344513
0.274358
0.340479
0.431931
0.336698
0.783979
0.0898645
0.452246
0.0316585
0.326415
4.59145
0.4762
0.503909
0.559888
0.887535
2.22999
0.517504
0.349107
0.624577
2.0402
0.608724
0.121574
2.43714
0.53251
0.0808064
0.504389
0.209316
4.19632
0.272103
0.963823
0.53361
0.291255
0.471041
3.96014
0.0354835
0.976272
0.350486
0.00923148
0.699186
3.3242
0.962807
0.700635
1.2445
0.306973
1.9963
0.57597
0.085488
0.196361
0.137984
1.17638
0.0702273
0.646625
0.777854
0.0759483
1.70019
0.918173
1.02517
1.06637
1.0434
0.653979
0.0220587
0.456007
3.50327
0.775882
0.141519
2.92793
0.288583
0.820472
2.25871
0.371826
0.225924
1.46401
1.10393
0.356378
0.667823
2.3219
0.295436
1.41844
1.88177
0.453776
1.02368
0.10146
1.06203
1.02323
2.23216
0.474847
0.12893
0.481062
1.96457
0.825268
0.178398
0.113321
0.202501
3.18833
0.127695
1.17795
0.868302
1.92767
0.283041
1.01413
0.452114
0.234473
0.620357
0.317407
0.652904
0.285531
0.91781
0.973978
1.28543
1.67688
0.805936
0.340757
1.18156
0.858129
0.385538
1.06489
0.49158
0.933545
1.49335
1.33657
1.27098
2.2282
0.314212
0.545612
0.471912
0.475698
1.56389
0.0806917
3.65336
1.34499
0.361546
0.102446
3.74092
1.34579
0.106869
0.137106
1.03625
0.302326
0.761009
0.00203174
0.405431
0.796064
0.610562
0.0598298
0.240929
1.8195
3.44079
0.420084
0.281244
0.138098
6.57738
0.400224
0.771047
0.116445
0.340123
0.432828
1.52989
0.866775
0.345584
0.50873
0.465817
0.960469
0.725943
1.95791
0.990791
0.353065
0.408628
0.163374
2.62853
0.236054
0.104316
0.127576
0.150042
1.3007
1.73733
1.83098
0.456873
1.62291
4.86896
0.484379
0.0187486
1.63094
1.03678
0.628319
0.33544
2.22864
0.449664
2.70496
0.701502
5.13895
4.34631
2.94024
0.438037
1.81595
0.605126
2.34338
0.458898
0.201159
2.30107
0.745478
0.919882
0.597338
4.17841
1.20537
4.72801
0.488084
1.56266
0.0839556
0.860493
2.68105
0.182265
0.949579
1.63273
0.511416
4.29647
1.60212
0.0925395
1.55294
0.107673
0.129427
0.379645
0.161954
0.724409
0.311343
0.981442
1.76832
0.513874
1.05488
0.0225098
0.110773
0.693023
0.655887
0.0811234
0.275061
0.0459407
0.824736
1.2268
1.56759
0.984467
0.542296
0.535413
0.540145
0.603896
0.751105
1.27769
0.445128
0.138758
0.347434
0.362896
0.505251
0.661127
1.34527
0.451076
0.875828
0.237201
0.230654
0.791475
1.74503
0.135285
0.95286
2.33347
2.16251
0.153961
0.374086
0.555497
0.194356
0.245125
0.0596802
1.01503
0.767032
0.0617478
0.3807
0.0529676
0.17308
0.725292
0.429676
0.72116
0.482534
0.250296
0.0266856
0.164992
2.06233
0.450535
0.569703
3.64058
0.0824512
0.606465
2.32263
0.453983
0.460189
1.74202
0.0932092
0.244583
0.837781
1.04934
1.97641
1.49505
1.23273
0.192922
0.672669
0.904921
0.675393
0.149447
1.36272
0.068824
1.14367
0.874264
1.86727
2.05509
0.805925
0.85316
1.64173
0.347779
0.777022
0.310795
1.15651
0.149084
0.984832
0.529018
0.430998
0.969123
0.529379
1.0485
2.28358
0.249139
0.783895
0.64462
0.136483
1.73825
1.29577
1.10304
0.385284
1.35029
0.321316
0.127903
2.09919
0.0445989
1.61166
6.34344
3.57973
0.434926
2.99432
0.926391
0.203315
0.264278
1.00968
0.758864
5.0147
0.16823
0.65793
1.03717
0.262487
0.708014
1.7157
0.608383
0.714574
0.441939
0.729156
3.30956
1.17386
0.619211
0.699857
0.683124
7.22935
1.1268
0.513101
1.52336
0.00199615
1.70069
0.0675569
0.0502515
0.0565162
0.426672
2.2119
0.239424
0.164589
0.194861
0.556116
0.220061
0.154107
0.0655324
0.0808337
0.411176
0.809856
0.163215
0.0771753
1.28733
0.0904723
0.727771
0.597298
0.208898
0.110364
0.942428
0.0262166
0.776123
0.530789
0.103039
1.054
2.97536
0.153736
0.669657
0.378835
0.960775
0.78312
1.64994
0.605091
1.29048
0.0413003
0.551836
0.747914
0.0527151
2.35152
0.465035
0.144459
3.17806
0.194695
0.573609
1.15875
0.164774
0.669702
0.088608
2.13826
1.60348
0.660554
1.14078
0.58449
0.12557
0.0178979
1.99394
0.139168
1.67094
0.00297224
0.573536
0.848068
1.70772
1.36592
0.279977
0.576321
0.373846
3.36569
0.424971
1.61332
2.95235
0.0308572
0.331249
1.37342
6.95642
0.218252
3.46874
1.91365
0.135054
0.375865
1.25082
0.269905
1.51552
1.97172
0.486162
1.68476
1.39716
0.65111
2.22326
1.63672
0.080027
0.7921
1.42774
0.961527
0.704942
1.41291
1.74851
2.43523
2.70071
2.04995
2.64628
0.268268
0.0767755
2.25367
0.0616197
1.39289
0.75083
0.748512
0.552338
1.41253
0.653953
2.28251
1.26631
0.0549055
0.613478
1.18961
0.218554
0.160628
0.331509
0.0461365
0.793814
0.0128871
0.67636
0.260053
0.202197
0.636823
1.53443
0.635668
0.753137
2.36725
0.0649449
1.82497
0.731536
2.56371
1.64193
0.567083
1.58747
1.38736
1.65493
0.0501822
0.0901868
0.66996
0.0264752
0.569541
0.666009
0.57137
1.72663
1.14491
0.0217997
0.0539047
0.334289
3.90657
0.869557
0.548718
1.08056
2.61985
0.802396
1.00772
0.331539
0.524847
1.71123
1.66581
0.076616
0.260248
0.754281
1.24716
0.0793332
0.847191
2.01468
0.023136
0.368371
1.10034
0.56563
0.125955
1.07164
1.08681
1.85463
0.218358
2.07948
0.773479
0.248528
0.149231
0.906893
1.21773
3.73194
0.485353
1.06617
1.17978
0.439032
0.123278
1.66878
1.56071
0.514646
1.64471
1.58178
0.440842
0.00269388
0.573099
1.35207
1.21655
0.608598
3.35773
1.18467
0.293523
1.83334
2.7394
0.350075
1.00078
2.23486
1.10125
1.34438
0.307186
1.04344
0.911027
0.545944
1.6638
0.972017
0.837247
1.09894
1.82926
3.90902
1.35044
0.984626
2.33805
0.516996
3.62252
0.447939
4.11991
0.029333
0.239104
1.46709
2.13186
0.353416
0.108124
0.0392051
0.450862
0.961329
0.1027
1.78022
1.43072
0.430621
0.717635
0.968281
0.17775
0.446379
0.123799
0.24162
0.803303
0.748128
0.186155
0.475353
1.36479
1.35859
0.847919
3.01976
0.00361109
0.983178
0.841938
1.6196
0.00288331
0.563092
0.221117
0.243554
0.205757
0.282817
1.69924
0.367305
0.143392
0.179723
0.36587
0.0530314
0.68844
2.44713
0.0212973
0.385853
1.50534
0.633689
0.216835
2.50269
1.58537
0.601334
1.48734
0.418636
2.80515
0.304679
0.0155794
3.23261
0.114082
1.01188
2.01376
0.355533
0.812802
1.33635
0.213686
0.450476
1.50936
0.526474
0.88346
4.22903
1.06623
1.1338
2.40972
1.35613
3.12081
0.386016
0.138306
3.08591
0.769293
1.3822
0.487128
0.0800681
0.331263
1.05329
3.42917
2.2437
1.71476
0.452238
0.826188
0.234717
0.298723
1.44209
1.47509
0.293516
1.02162
0.436703
0.630635
0.0589426
0.521738
0.244187
0.95176
0.0745852
1.78884
0.0127074
1.28722
1.05209
1.89386
0.166453
1.01638
0.0673062
0.211724
2.22032
1.17276
0.60226
0.316351
0.0243381
0.269712
0.0393823
0.311509
0.326202
0.254266
1.21775
0.818187
0.105864
2.89076
0.746184
0.873477
0.565344
1.33253
2.30959
1.35748
0.354986
1.46224
2.41724
0.722385
3.75512
1.36253
0.569921
0.127103
0.0775123
2.897
0.519166
0.260831
0.170643
0.0848385
1.68758
1.15438
0.439791
0.392255
0.217442
0.48128
1.09266
0.304041
2.64503
0.297087
3.60219
0.00557678
1.21779
4.53477
1.63149
2.36147
0.45062
0.141264
0.0853693
2.36529
2.72376
0.598951
1.41234
0.884085
0.695916
4.87736
0.18386
0.147705
0.526315
1.23634
0.00738183
0.0899566
0.116765
0.0747498
1.05121
0.0662617
1.04378
0.696043
0.628582
2.71436
0.00156193
1.74825
0.566454
1.47322
1.41623
2.33599
1.1832
0.333706
1.25004
0.324039
0.115213
0.944457
1.25823
1.82808
0.333379
1.97627
0.629736
0.557963
0.0995251
4.50914
0.095493
0.093945
0.588782
0.460983
0.928054
0.0318841
0.0908932
1.54944
4.66682
0.128885
0.460803
0.13472
0.188463
0.143449
1.89778
1.10301
0.463561
0.178317
0.0824967
0.596105
0.236798
0.712427
0.884783
1.42534
0.102143
3.04289
0.0165931
1.74326
0.155915
0.113555
0.827996
2.43186
0.122524
0.201682
0.216138
0.447971
0.852723
1.88906
0.736818
0.140303
0.333883
0.333784
0.0448258
1.52535
0.0169586
0.0693116
0.409052
1.48577
0.529145
0.167993
3.07042
0.280756
0.936261
1.72025
0.625539
0.272618
0.278635
0.780612
0.0219353
1.95578
0.0611031
3.09781
0.0630792
0.0787131
0.534455
0.995781
1.30011
1.25285
0.28638
0.834358
0.70247
0.516143
0.228596
0.385401
0.68541
0.28667
1.05206
0.0264925
1.27864
2.7672
0.747669
0.153394
0.796905
1.06621
0.631343
0.120977
0.888141
1.38087
0.140436
2.1574
2.46149
3.7482
1.40415
7.8
0.827629
0.261421
0.129148
0.845407
0.201806
0.0942063
1.52557
2.10907
1.06342
0.601766
0.544886
0.287646
1.64241
0.117606
2.91253
0.166206
0.940565
2.39813
1.85437
1.2133
0.954182
0.387257
1.59298
0.490265
0.395578
2.47223
1.02899
0.691249
0.547253
0.0106402
1.73234
1.11984
0.241088
0.29369
0.287609
1.35622
0.298501
0.200175
0.116039
0.893915
0.986141
2.76153
1.09085
0.600761
0.448789
0.0403403
5.6892
0.695456
0.0558592
0.17948
0.950038
3.69709
0.771294
0.0729713
1.09782
0.541014
0.171137
0.193801
0.714033
1.89495
1.15813
0.265875
0.185177
0.279346
2.03161
1.54968
0.352255
1.30281
0.0255696
0.216294
1.16609
0.279429
1.60186
2.9395
2.67733
0.472416
0.70913
2.83477
2.85466
0.140349
0.695759
0.0272732
0.514669
0.00148152
1.54849
0.337191
0.691104
1.01324
0.31248
1.67451
1.07029
2.71485
0.0638397
2.4387
0.11533
0.136907
0.558399
1.34763
0.355496
0.458712
1.61835
2.57574
0.378594
0.866925
2.57409
0.912021
0.809767
0.662746
0.579988
1.23726
0.0701022
2.0079
1.49378
1.3311
0.530661
1.32258
2.83715
1.47441
3.42675
2.75095
1.2782
1.73943
0.583112
4.84295
0.0275399
0.867008
0.00725365
0.124375
1.11606
0.604711
0.106886
0.371478
0.0398351
1.74454
0.824647
2.71523
0.760207
0.217119
0.599655
0.421356
2.78246
1.02849
0.292942
0.64399
0.375465
1.96422
0.076045
0.857519
1.03316
2.55159
0.0182991
0.242635
0.757298
0.706501
0.160842
0.0377101
0.587507
0.0902381
0.240027
0.914413
0.327053
0.0150658
0.349655
1.40516
3.56827
1.14891
0.100297
0.367469
0.19211
1.23475
1.80603
0.641292
0.0225515
2.49427
1.43085
0.180522
0.496551
0.626162
0.41259
0.428331
1.58666
1.86066
2.70381
0.404459
0.0659032
0.554484
1.27783
0.349282
0.761753
0.251975
1.36177
1.49511
2.04092
0.528299
2.6759
0.638395
0.79541
0.515737
0.0296685
0.161122
1.63675
0.969502
0.101104
1.53313
0.997829
1.75637
1.57973
0.544204
0.984315
0.36542
1.58815
2.67962
0.266278
1.35872
0.399819
0.11532
0.737627
1.62186
1.43515
0.938117
0.413498
1.23018
0.478875
2.41967
0.0326884
0.145757
1.37655
0.363551
1.06451
3.24257
2.56474
0.434737
0.465406
1.66785
0.101321
0.793732
0.134549
0.50334
1.24868
0.535163
0.804334
3.69255
0.816533
0.121401
1.78248
0.0012614
1.51604
3.17495
1.17232
1.18803
2.69534
2.17529
2.19496
1.04197
2.05849
0.301317
0.416664
0.675447
1.07147
1.17125
0.514743
1.86312
0.359222
0.134081
0.0125949
0.07259
2.01494
1.91452
2.11418
0.308362
0.540211
1.52703
0.43188
2.06358
3.40937
0.537854
0.265248
1.19281
0.304332
0.588595
0.947241
0.213396
0.325932
0.251066
0.459226
0.441227
0.0888792
1.58742
2.95311
0.664211
0.301487
1.47571
1.98544
1.26818
2.7044
0.049064
0.305581
0.256663
0.834076
1.69315
0.202707
0.31283
1.18444
3.96099
0.166674
0.534924
0.0543544
0.063576
0.0822786
0.80798
1.28596
0.586767
1.321
3.29337
0.0367364
1.84473
0.30013
2.16536
1.29057
0.667713
0.613888
1.28847
0.594581
1.91824
0.531881
0.788177
0.74486
2.79
0.545504
0.3789
0.02324
0.478483
1.14331
3.06407
0.750769
0.188142
0.880412
0.480803
0.70286
0.105983
0.0295106
0.238104
0.60568
0.432726
0.31705
2.4573
1.00053
1.35095
1.8705
1.04814
1.13905
0.364759
0.898389
0.370402
0.335932
0.508347
0.0561714
0.351767
0.535501
1.13697
1.02882
0.439794
0.955405
3.12416
0.104088
0.0453674
2.50312
0.150702
0.852106
0.0457239
1.68493
2.29342
0.892985
0.408895
2.58661
0.13836
3.62217
0.00867092
0.719639
4.14219
0.00877717
0.581243
0.363112
2.30567
1.13622
1.09051
2.33745
0.336925
0.056884
0.254009
1.02964
0.289675
0.0372412
1.12814
2.17788
0.179441
1.58319
0.226434
3.47863
0.838974
0.645831
0.756247
1.01046
0.515835
3.90198
1.91469
0.721139
1.65953
0.462773
0.0176202
0.445699
0.414646
1.58376
0.569065
2.58194
1.72876
0.241581
2.38852
0.147801
1.06727
0.233429
0.0817239
2.7742
0.00685661
0.732065
0.215899
1.97168
1.73299
0.176286
3.29992
0.42501
0.224157
0.0570592
2.19811
1.00094
0.39023
1.03028
0.0225916
2.2366
0.775793
1.98796
0.568451
0.833328
0.77821
1.9
0.948364
0.489026
0.487006
1.29374
2.26977
1.17788
1.20817
0.643474
0.156425
1.89905
0.292241
1.41813
0.682749
2.72584
0.254304
1.2804
0.352926
1.93572
0.538375
0.745159
3.32345
0.180297
2.16717
1.48761
0.804017
2.25755
1.17039
0.25047
0.447257
0.565981
0.373159
0.876145
0.115773
0.530929
1.46842
4.819
0.852058
0.0129728
0.0206948
1.31175
0.54357
0.651226
1.41656
3.58664
0.623871
1.64696
0.273849
0.276183
0.0967812
0.962095
0.661217
0.00138422
0.4146
0.074885
0.373839
0.162401
0.401453
0.528714
0.218202
1.7572
0.611307
0.10349
0.137941
0.120656
0.321273
1.31626
0.455381
0.773746
0.660556
0.343833
0.587793
2.72111
5.12955
2.96384
1.01436
0.208678
0.525619
0.0525876
0.391678
0.923934
0.183511
0.816049
2.44958
1.52122
0.511118
0.535002
0.322206
1.96583
0.402679
2.81193
0.852326
0.703571
0.625581
0.105818
4.08324
3.74932
1.07121
0.939054
1.02405
0.142722
0.699614
0.767395
0.313712
1.25727
1.56701
0.905637
0.794199
0.189163
0.287336
0.352137
2.60709
2.9682
0.189038
1.49249
0.451136
2.24725
0.352884
1.50838
2.9768
1.14401
0.47148
0.639794
0.0659389
2.29413
1.47652
0.129438
0.526457
0.558142
0.752352
0.416402
0.259402
1.55525
2.41842
1.40958
0.219579
2.58213
2.60348
0.85533
0.115258
1.09144
0.165304
1.61379
0.96987
0.387276
0.327163
0.41989
0.387131
2.5774
1.35394
0.180272
1.54166
0.0419345
1.81727
0.561085
1.40194
0.502699
1.56932
0.0163551
0.464001
0.528032
0.30652
0.698241
0.737461
2.04729
1.88688
0.565693
0.377193
1.11766
1.94731
0.669016
1.35932
0.155624
0.679902
1.28749
0.778774
0.00678242
0.91768
3.8796
0.143347
0.82009
1.02817
1.31616
0.951318
0.289586
0.303799
0.0253765
0.774374
0.392682
0.745033
1.00443
2.88109
1.09757
0.893085
3.22205
0.587248
0.604114
0.135718
0.572093
0.772957
0.0293604
0.995288
3.30042
1.54308
1.6867
1.64143
0.13342
1.44533
0.172886
1.4008
1.09345
0.173811
0.586163
0.538163
2.12473
0.333734
0.827175
0.458016
3.63691
0.227274
0.570997
0.200291
1.91095
1.92865
1.12951
0.58067
0.335625
0.128019
1.8717
0.928909
1.30597
0.596698
1.18682
1.46084
0.990232
3.10372
1.45025
0.0794467
0.0769453
2.92556
1.00873
0.93411
1.07731
0.0536188
0.921554
0.392758
0.567906
0.181483
0.432118
2.18539
2.82313
0.929457
1.4357
0.517886
1.06281
0.186871
0.667194
0.202001
1.41102
0.344292
0.376372
0.288069
0.645536
0.45766
0.836609
1.6482
1.04167
0.940384
0.959481
0.451312
0.323924
0.237097
1.4812
0.102507
4.17559
1.644
2.08059
2.74261
1.64595
0.308834
1.01942
0.0946385
0.341722
2.56869
0.259751
0.103301
0.64171
1.10889
0.265852
1.21949
0.145867
0.938
1.01491
2.55941
0.0456226
0.296805
0.492539
0.708152
0.131231
0.22511
0.47763
0.805226
0.00859261
1.11828
1.07965
0.436099
0.475057
0.309026
1.49614
0.0700027
0.521523
2.29445
1.63383
0.234283
1.35388
0.312203
0.606765
0.328156
1.07534
0.0703713
2.24941
0.103846
0.172102
0.869356
0.122051
0.0549115
0.00265929
0.546572
0.0740055
2.78201
0.00460398
0.493166
0.726757
1.41804
0.688759
0.257208
0.512724
0.112926
0.847732
1.19394
0.151838
3.61868
0.399134
0.313209
0.203413
1.1842
0.361541
0.787451
1.82779
2.55699
1.01528
0.662549
0.117985
1.42988
2.19478
0.808744
0.179101
0.224271
0.097302
1.28272
0.531758
1.43094
0.428338
2.27091
0.484735
0.806243
0.837239
0.874972
0.971194
0.518485
1.30655
2.01229
0.649889
0.972933
2.28892
2.39354
0.651096
0.0605168
0.447216
1.1085
0.527399
0.263167
0.118477
0.0423383
0.895761
0.432683
2.44817
0.431211
0.367931
0.583899
1.40927
0.231199
0.45968
1.04131
0.397185
1.28018
0.130068
0.826928
0.259416
0.0572361
0.00247925
3.02581
2.27905
0.129565
0.275101
0.231153
0.0933551
2.40514
1.02875
0.0629934
0.0639544
0.234765
1.80215
0.368038
1.40453
0.416892
1.08794
0.440308
1.08797
1.90781
0.975638
0.125478
2.1145
0.664614
0.050769
0.32476
1.77649
0.603905
0.409664
0.146918
0.0394204
2.53069
0.368883
0.244107
0.0300919
0.860185
0.417272
1.09286
0.436781
1.04445
1.96682
0.310085
0.582092
1.82229
1.75006
1.52218
1.14079
0.796938
0.340183
0.179166
0.374747
9.05807
2.39944
1.75008
1.22802
1.81889
0.41719
0.010659
0.768075
0.363824
1.60116
0.238376
1.13025
2.08855
0.441733
0.460233
1.75868
1.70135
0.491785
1.90948
0.328028
1.94606
2.28628
0.0257954
0.525438
0.665433
0.58673
1.13595
3.93306
0.297501
3.31451
0.330942
0.342891
0.415121
3.88522
0.40084
0.0676794
0.402831
2.93026
0.228862
0.376165
0.722122
1.14863
1.82994
0.668575
0.279701
0.717654
2.13023
1.3998
1.25198
0.533882
0.842119
1.87192
0.854788
1.5937
0.414083
0.373693
0.0398107
2.69638
1.07145
2.49507
0.0775243
0.0969423
1.15205
1.38603
0.567157
0.996289
1.56715
0.328261
0.0656698
0.222671
0.19365
0.63259
0.406984
1.90933
0.885878
1.04263
0.386958
2.81969
0.205527
0.529332
0.26216
1.91761
0.0260772
0.170443
2.16133
1.81786
1.47319
0.196281
0.576479
0.193653
0.258378
0.816558
0.0267567
0.891996
0.328665
0.317112
0.0160459
2.02943
0.99402
0.774219
0.0383039
2.20209
0.0087462
0.796604
1.63227
0.506914
0.0944301
0.484242
0.664531
0.238724
1.41794
1.64626
1.32535
0.763334
0.143628
0.598501
0.298984
0.0134665
0.389738
0.0479041
1.81809
3.26833
0.250148
0.0260196
0.0186588
0.690657
1.49837
2.68742
0.709386
1.62333
0.634219
0.242287
0.0758833
0.805853
3.53345
0.106884
0.569335
1.0937
0.938413
0.38555
0.753923
1.10599
0.358061
0.888738
0.188836
0.0534028
0.798956
2.32065
0.0202958
0.104971
1.43802
0.83964
0.519019
0.219494
2.65205
0.377331
0.16135
1.34669
0.927051
1.13873
0.684774
0.0894713
0.280373
1.49873
0.323318
1.47643
0.422779
0.413355
0.527612
0.751047
0.974747
1.38286
1.13621
0.655461
0.561094
4.28704
0.335762
0.814561
1.86391
3.65508
0.559165
0.380638
1.55326
1.90836
1.47694
0.208626
1.99765
0.593924
0.0366522
2.43318
0.0935921
0.416355
1.43447
2.77852
0.383337
0.00632534
1.9462
0.0709948
0.227989
0.156851
0.379864
2.7745
1.00484
0.0211307
0.458706
0.152175
0.190296
1.68294
0.3641
4.29648
0.768896
0.209528
1.7713
1.47898
0.0499657
2.51636
1.90983
2.81588
1.00047
0.897227
0.203699
0.297034
1.80775
0.721572
0.238945
1.19338
0.140179
2.2687
1.89528
1.66428
2.79004
1.55552
0.307939
0.0713619
0.349583
1.30522
1.86738
0.37018
0.354687
0.545541
0.0141815
0.704604
1.32161
0.0169574
0.0924232
2.46028
0.261045
1.66484
3.17706
1.68397
0.426032
0.973238
0.271273
0.32241
0.143407
0.00970139
0.955228
0.508003
1.04352
1.3259
1.57253
1.60286
1.3845
0.152667
0.225665
0.725556
0.38933
1.17485
0.34035
1.61357
0.132572
2.58311
1.08468
0.209678
1.21661
0.185107
0.751983
0.0761282
1.06229
1.87714
0.395369
0.0721121
0.0032829
1.11735
0.714695
0.683897
0.973684
1.43154
4.0847
0.0150383
0.393237
0.786544
0.801489
2.25572
1.5398
0.358987
0.409443
0.115323
2.68871
0.688377
0.105908
0.532207
1.46696
0.207961
0.434144
0.854724
1.10319
0.53479
0.760708
0.871933
0.324831
2.82196
0.70851
0.376216
0.909582
1.68256
3.50821
0.980041
2.3096
0.558033
4.87196
1.0128
1.7295
0.674468
0.824955
1.1265
0.323006
0.890565
6.12797
4.20875
4.26814
1.42014
2.74189
0.35921
2.94407
3.53205
0.14143
0.34822
0.924525
4.96617
0.14584
0.0272056
1.12593
3.20135
4.84367
4.31391
0.208801
0.673761
0.042467
0.525597
3.62914
0.490802
0.668406
1.26935
0.179922
0.286568
1.21286
1.0334
0.768076
2.30322
0.157916
0.0772296
0.676104
1.21966
0.0664937
0.66115
0.566969
0.641375
0.254015
2.82744
5.38758
0.600955
0.214737
1.85699
1.62895
3.0795
3.07657
1.22357
1.99441
1.23282
0.449296
0.307703
0.279278
0.0900872
0.246483
1.51696
0.0680018
0.653814
0.232296
1.59546
1.17476
1.74533
1.33379
0.043897
0.468118
0.615835
0.0145224
0.138596
0.236635
0.272074
0.708167
0.025141
2.86933
0.351868
0.149732
0.516109
0.17019
2.20122
2.11124
0.471142
0.0097891
0.617928
0.244961
1.03679
0.238813
0.191998
0.224943
1.65226
0.108166
0.600994
2.91904
0.22194
0.0710498
0.240453
0.908198
1.40964
1.23148
1.27338
1.34222
0.121873
0.17462
1.80748
0.51801
0.500636
0.734541
0.678777
0.257786
0.000576994
0.412176
0.294205
0.0120131
0.392851
0.152723
0.328245
2.20229
4.11755
0.102299
0.873592
0.197867
2.47529
0.745359
0.19823
1.06538
0.573444
0.740691
0.00566989
0.524586
0.824388
1.7658
0.0146755
1.3768
0.329714
0.612243
0.637937
1.10438
0.0842688
1.30819
1.05664
1.6939
0.51277
2.71944
0.314294
2.79105
0.606729
1.55307
0.883024
0.507495
0.722899
0.760051
0.460862
1.63856
0.408459
1.55625
0.519735
1.4653
2.16321
1.40677
2.13316
1.79938
0.182329
0.275869
0.0525532
0.933296
0.168286
0.0891341
1.00215
0.41737
0.0434927
0.123522
1.34109
0.326564
0.678803
1.32509
0.540307
1.15354
0.811734
0.965483
0.498054
0.587833
0.629559
4.81675
0.0660915
0.368363
2.75695
0.849384
2.93408
0.013333
0.0390036
1.59478
3.21063
1.69999
0.512994
0.776316
3.20613
1.34218
0.647953
1.6133
0.591945
0.300523
0.259868
1.14847
0.219046
3.93627
2.32851
1.39827
0.815235
0.511234
0.167846
2.01181
0.86092
0.482582
0.0636764
0.526062
1.32546
1.13401
0.0889734
1.18045
0.0409079
0.13239
0.0446979
0.185903
1.75111
1.20186
1.17327
0.244376
1.90447
0.373381
0.196473
1.02963
0.465405
2.503
0.811528
0.592438
1.72569
1.84235
0.0550424
0.149518
1.1803
1.14894
0.405922
0.422083
0.0452547
1.10158
0.119719
0.288421
0.0289637
1.16524
1.13037
0.295749
0.768022
0.226644
0.493809
0.0645337
5.19459
0.118316
1.67868
0.85939
2.2383
0.229658
1.04045
0.121997
0.408561
1.12422
0.298463
0.394046
0.0475468
0.738511
0.585134
0.0537633
0.274042
0.250506
0.392448
1.75341
2.20969
0.434442
0.700379
0.045882
0.0386868
0.667231
0.114099
3.32514
0.292461
0.79427
1.3391
2.7569
5.27582
2.38388
0.900945
1.88762
1.23291
0.654711
0.452532
2.13511
1.09606
0.779892
2.45324
0.0895808
2.5263
0.897154
0.0669495
0.0145315
0.19906
0.332637
0.951736
1.01189
0.390978
1.89469
0.222819
0.999801
1.04815
0.38256
2.86737
0.238017
1.52123
0.72238
1.34814
4.47164
0.0248095
0.771703
1.52917
0.0808036
3.52141
1.7046
1.20687
2.76366
0.403042
1.45775
2.46199
0.697975
0.357435
0.487159
0.8188
0.0871778
0.0954225
1.52401
0.768022
1.61811
2.2496
0.212085
0.701772
0.925977
0.130928
0.604895
0.938689
1.15057
2.91441
0.0814181
0.473444
0.473743
0.154051
1.26777
0.264384
1.47953
0.462658
0.256309
0.0734649
1.69404
1.39625
0.61349
0.743907
0.14858
3.58097
2.59009
0.864448
2.51519
1.41643
4.56909
1.12931
0.288411
0.646683
1.12799
0.0103222
0.506071
0.886439
0.429288
1.5843
1.11766
0.119804
0.389071
0.249547
0.391921
2.79663
1.94708
1.80345
0.217198
0.514716
1.75707
2.16115
3.61648
0.995771
0.790672
4.27632
0.676701
1.63067
0.895448
0.0389013
0.284132
0.556955
0.0399775
0.750858
1.46126
0.899601
0.607793
1.15526
0.490112
0.564438
0.518258
1.19415
3.49055
0.0430431
0.149892
0.451817
0.114776
0.368792
0.335144
0.652335
1.93715
1.11891
0.186836
2.52332
0.348179
0.790643
0.624232
0.43083
0.526966
1.86312
0.587862
0.263278
0.534924
0.968186
0.135728
1.74654
0.693885
2.0383
0.799286
0.767363
0.309272
1.02374
0.214076
0.560819
0.51357
1.35436
1.98992
1.18362
0.864389
0.656855
0.491
0.461414
0.231574
0.630642
0.938503
0.531903
2.37565
1.28494
1.23314
0.154576
0.0992124
0.559357
0.501145
0.588619
0.436666
2.84331
0.567368
0.265705
0.945689
0.414115
0.343147
1.08052
0.864512
0.547481
3.55995
0.185448
0.64159
1.94291
0.825686
0.491373
0.106988
0.229124
0.815353
1.01285
2.96108
2.59105
0.342439
0.124377
0.0683982
1.44817
0.0875876
1.59926
0.2187
1.35112
0.163437
1.79011
0.0543092
0.568534
0.724519
0.884001
0.580516
1.0168
0.82196
2.03823
0.775807
0.140037
2.46558
0.713985
1.76777
2.11586
0.0191925
2.09248
0.308054
0.687069
0.00580509
0.0450268
0.479531
0.551163
0.263481
1.39958
0.851892
0.487201
0.836715
0.660287
0.266811
0.871851
0.163902
0.0727971
0.381965
1.80278
0.449778
0.912207
0.249927
1.5708
3.72913
0.273808
2.91622
0.912646
0.878767
0.357972
0.2159
0.30779
0.272022
4.04334
0.827037
1.6738
0.540121
1.74363
0.269564
0.794932
2.64115
0.482254
0.772282
0.538325
0.919276
0.0200007
2.52849
3.72641
0.987395
0.0237113
0.819166
0.0902712
0.629013
2.64248
0.681416
0.144742
0.314463
1.54183
4.4319
0.0369014
1.81901
1.10209
0.871124
0.291843
2.45968
2.19479
0.508436
0.708497
0.807418
1.50525
0.102345
0.320711
0.556766
1.20353
0.575452
0.120375
5.40738
1.14191
1.8596
1.42441
0.532836
0.654684
2.02551
0.293218
1.78637
0.198639
0.3634
0.157548
2.10721
1.04181
0.0853557
0.424462
0.351143
2.19275
1.46718
0.069119
3.11415
1.33105
0.703267
0.267073
3.06745
2.9791
3.23837
1.03628
1.63713
0.0044906
0.762618
0.00477868
0.314418
0.363472
0.438586
0.618802
1.42931
0.804984
0.561881
1.68469
0.827054
0.183203
0.0248115
0.00831271
0.488405
0.104855
0.381682
0.517927
0.590368
0.33429
1.11695
0.0824267
0.605972
1.29598
0.344656
1.92473
2.05744
0.597135
2.05773
0.663248
2.32397
1.05836
0.304175
3.74294
0.644912
0.223865
1.65256
0.150126
0.187394
4.36641
1.74661
0.525976
0.902518
0.317908
0.540149
0.0848497
0.512188
2.17799
0.949213
0.792232
0.278025
0.210307
0.212266
2.46369
0.461793
0.348018
0.594386
0.317529
0.578367
2.43324
2.57988
0.427457
0.922069
0.608478
1.9445
0.470325
0.298148
0.125225
0.286605
0.114421
3.77051
0.137607
1.23492
1.42629
1.1659
0.567874
0.0200379
0.0531418
0.681317
0.458148
0.227973
0.173532
2.37381
0.449827
2.01365
0.915593
1.37311
0.35619
1.73782
0.17363
1.02642
4.99418
0.606357
1.39033
1.87841
0.306498
0.335842
0.712383
3.68026
3.25374
0.380929
1.44015
0.150505
0.209188
0.706942
0.0757504
0.281255
2.11194
0.299875
0.121276
0.0846482
3.23819
0.666095
0.423534
1.29602
2.54847
0.360536
1.59136
0.102873
0.692746
1.83404
0.836745
2.12738
0.624907
0.446581
0.633374
0.531359
0.68637
1.61402
0.154549
0.147138
0.0730736
3.62343
1.12986
2.24097
2.72389
2.53907
0.596574
2.16854
0.259577
0.00339019
1.05363
0.352803
2.05397
1.16071
0.820837
1.9135
0.109536
1.76834
2.04825
0.191131
0.730566
0.35234
0.668073
2.07123
0.976912
0.722833
2.34231
0.301202
0.90306
0.198213
0.295802
1.00556
1.0597
1.8444
2.78689
0.217146
0.898276
0.368026
0.29632
2.16887
0.269218
0.251228
0.540654
1.78497
0.0714227
0.347823
0.472579
0.0394454
0.353614
1.26645
0.541352
0.717603
0.346554
0.34199
0.640003
0.112101
2.18404
0.255607
0.966928
0.558318
0.246366
2.21601
0.50954
0.933613
1.44395
0.599228
0.93085
0.261246
0.543188
0.291226
0.817521
1.05197
0.323771
0.0492731
0.0857703
0.440812
0.0845732
0.892016
0.213104
0.109512
2.04862
0.706708
1.73226
0.877454
0.291054
0.213841
0.248232
0.584269
0.831285
1.73921
0.647235
0.224477
1.22459
0.200939
1.69254
0.486208
3.02572
0.800846
0.388221
1.03205
1.30959
0.276991
2.14988
0.00194414
0.0828923
0.861692
0.905036
0.395837
0.656048
0.909788
0.533191
0.513804
2.82837
0.0460039
0.190524
0.06148
0.0294172
2.09143
5.42285
0.158939
1.51939
0.184025
0.875082
0.604043
0.325377
0.34951
1.182
0.245401
0.111802
0.135453
0.210161
1.8467
0.827464
1.94711
0.315746
0.0552112
0.553077
1.06541
1.33137
0.381055
0.315411
1.99781
0.641908
0.702228
1.22052
0.0509711
1.22866
0.544546
0.769268
0.426581
2.98209
0.639858
0.257115
0.157581
0.497892
0.702761
0.681651
2.01739
0.0364625
0.251718
0.094249
0.641655
0.214003
3.13024
1.20312
0.932929
1.59235
0.243575
1.01355
1.48814
0.00573516
1.07913
0.313035
1.05594
0.568855
0.461481
2.76018
1.60759
0.238837
0.105782
2.09034
1.00881
0.0264162
1.7538
3.73483
1.18171
0.279065
1.11659
0.564589
0.146262
0.065874
0.10514
6.59752
0.981292
1.00319
0.353929
0.160001
0.884815
1.46544
4.58485
1.31739
0.287351
0.350387
2.60716
0.931968
1.7418
0.694279
0.0826523
0.660716
0.108119
1.74649
0.804202
1.43361
0.0531238
0.517242
1.36585
1.24603
0.152792
0.277865
0.0550773
2.01716
0.317079
0.161877
0.41476
0.00637206
0.674296
0.728089
0.122623
0.621466
1.38316
0.20013
0.156737
3.35044
2.20078
1.43793
1.07798
0.192304
0.169168
0.228401
0.974696
1.03234
1.42707
0.371604
0.428634
0.640396
1.92226
1.35887
0.310331
0.432137
0.0185324
0.355443
0.683107
1.68112
3.05777
1.16526
1.82506
0.624176
0.449303
0.0145819
1.05792
1.03369
2.41141
0.0998893
0.74723
1.09424
3.67239
1.11487
4.82158
0.326748
0.140014
0.544226
0.00249186
0.623724
0.732545
1.07894
0.922481
0.23879
0.418284
0.0639785
1.40373
0.497961
2.09889
3.00539
1.34764
2.75236
0.588644
1.14313
0.106453
10.187
0.939155
1.00683
0.168743
0.773158
2.25216
1.21865
3.39588
2.46242
1.14317
1.71457
2.24422
2.47474
0.268385
4.61536
5.00902
0.363634
0.41813
0.578476
1.08533
2.55647
0.0173477
1.45069
1.5905
0.131009
1.46615
0.888329
0.020156
0.468399
0.759616
0.565717
3.58297
0.578951
1.57478
0.0297216
1.35414
0.233146
1.11152
2.52662
0.0581348
0.346888
1.24553
1.80416
2.20519
1.21111
0.246497
0.0246597
0.119178
0.508657
0.653752
0.362642
0.373617
0.871027
0.338104
1.84853
0.0537688
0.675884
2.82628
0.295669
0.444542
0.00829609
0.950426
0.862362
0.343982
0.901128
0.107527
1.36094
2.77435
1.52958
0.866366
1.37314
1.39063
0.880294
1.01127
1.22248
3.17941e-05
0.924071
0.5004
0.141506
0.992432
0.289744
2.48199
0.382792
0.00897469
1.30696
2.78742
2.59714
0.103152
4.39827
0.139518
3.29342
1.44891
2.01747
0.461747
3.0127
0.217278
0.0573261
0.0345845
0.177433
1.99802
0.767843
0.319443
0.175427
0.269169
0.804917
0.177912
0.611708
1.32011
0.379394
0.0204756
3.08935
1.06342
0.237257
1.1987
1.15899
1.64031
1.59196
2.68721
0.266063
0.330052
0.119849
0.136261
0.847185
1.76274
2.28947
0.196574
1.62945
1.27566
0.0187438
1.26594
0.535907
0.707672
0.509793
1.15121
1.52503
2.55028
1.1633
5.57653
0.0810889
0.0504982
0.292136
0.369789
0.213375
0.234737
1.70136
0.311156
0.422691
0.241291
0.138114
0.523485
1.86117
1.37096
2.77291
1.45991
0.0490579
0.816165
0.325756
1.67725
0.666539
2.32374
1.17018
0.97719
0.379017
0.120062
0.278887
2.37743
0.425966
0.189645
1.35741
0.652414
0.268928
1.01294
0.86521
0.250983
0.505477
2.15722
0.0678051
0.296768
2.06001
3.97022
0.441458
0.535719
0.214132
0.327646
1.50463
0.074629
0.40996
0.688688
1.61564
3.56163
0.0928766
0.478938
0.797228
0.692648
0.17536
0.319586
0.670706
0.0751269
0.861388
1.48518
0.308915
3.40894
1.2326
5.46171
1.7219
0.4386
0.650604
0.799513
0.443954
0.314382
2.65432
1.48033
1.6105
0.784243
1.20341
2.25728
1.13852
0.213613
1.47613
0.743732
0.406568
0.582196
0.331794
0.456475
0.420595
0.0762646
0.29687
0.186422
0.42922
0.0545728
1.79556
1.037
0.632471
0.974335
1.87728
1.49326
1.34366
3.00599
2.31597
0.560612
1.29259
4.04685
0.131421
1.77144
0.13359
1.41047
0.25262
0.335103
2.23008
1.01882
0.349068
0.675996
1.20411
1.97797
0.825308
0.06088
2.29091
0.255472
2.85754
0.441535
1.00121
0.755518
0.0522591
0.0344832
0.447585
0.0100458
0.490937
0.575166
0.110709
0.901827
1.93385
0.182535
0.682374
0.874701
1.04591
0.433885
0.691242
1.65959
1.02195
1.41692
0.774316
0.00835094
0.258729
0.582949
0.276313
0.572338
1.17643
0.110186
0.387184
0.466658
0.887571
0.102737
2.84342
0.854634
2.65625
0.691501
1.01889
0.771051
0.00458979
0.362854
0.902984
0.404792
0.575741
0.458356
0.142166
0.113055
0.823584
1.30069
1.27161
0.10771
0.573844
0.48347
0.0331907
0.435666
0.617209
0.767312
3.08848
0.0888526
2.67589
0.886146
0.207185
0.261186
0.197831
2.95525
0.0109101
0.124281
0.0189457
1.77736
0.224226
0.23406
0.0739857
0.60628
0.27561
0.375837
0.316563
0.204761
0.102456
0.187761
0.356904
0.876083
0.096487
1.9506
0.811738
0.0776339
1.45056
0.5971
3.75067
0.140635
3.52428
1.80054
0.184936
0.49079
0.275075
1.52495
0.0853434
1.93284
0.630818
0.433098
0.14675
2.11832
2.27349
0.91848
0.213924
1.41127
0.762569
4.03757
0.0119017
0.235182
1.45422
2.12757
0.0912814
0.342928
0.25451
1.32884
2.90063
0.210965
0.690722
0.108887
2.25158
0.0164375
0.166454
0.840375
0.373545
0.333615
0.388508
0.368547
0.0384501
0.726874
0.00393739
0.465949
0.769632
0.416964
0.921674
1.34312
2.03553
1.55974
1.92372
1.03287
0.957519
0.42442
2.02505
0.749821
0.23256
0.365815
0.355661
1.94478
0.738528
0.450473
1.24986
0.263483
0.991789
1.57748
0.455215
0.373175
2.27399
1.19882
4.38669
1.18423
0.498162
1.60296
1.55659
1.28797
0.271143
1.88647
2.77797
0.187201
0.481516
0.216803
0.0149884
3.47762
0.217879
0.731495
0.897419
3.70153
5.36225
0.682041
0.271133
0.250648
0.34699
0.401961
0.0289212
0.81132
0.353292
0.273159
0.110211
2.96569
0.761016
0.136086
0.653654
0.448586
1.16161
1.67725
0.139473
0.718935
1.20881
0.553961
2.60247
0.0252794
1.07028
0.28349
3.09901
0.427566
0.0104939
2.08251
0.342874
0.371066
1.02782
3.22066
0.172637
0.626235
0.375276
2.30856
0.996915
0.989334
0.147319
3.82805
1.08435
2.33441
1.64495
2.14529
0.250483
1.46069
1.05055
0.328282
0.332643
1.0684
0.763877
2.58574
2.11401
0.0159088
0.0408538
2.18213
1.05011
0.7264
3.35482
0.713377
0.0551644
0.171735
1.2616
1.3479
1.84154
0.200381
0.210931
1.22655
1.11443
0.574078
0.616468
0.812314
0.507362
0.0824507
0.0342982
4.11789
1.15298
0.340602
0.480388
0.696628
0.562056
0.632854
0.547875
1.19227
0.468214
3.73715
0.0449346
0.808752
0.0840101
0.179403
3.23239
0.893721
0.539263
0.419015
1.35982
0.0400613
2.31707
1.11294
1.50024
0.300591
0.673996
0.108973
0.335161
0.00866749
0.311415
0.675563
4.46135
1.52143
0.0438094
0.00496205
0.43862
1.39477
0.306639
1.36407
1.78264
1.12774
3.13078
0.845913
0.679636
0.205308
2.52038
0.27987
0.305882
0.830709
0.681937
3.76971
1.07453
0.813966
1.12545
0.326985
1.48003
1.25771
1.16522
0.928612
0.71182
1.37895
0.531797
0.778719
1.84375
1.19725
1.03887
0.178851
1.46801
0.0539038
0.816306
4.3921
0.123013
1.73388
0.626637
3.00631
0.203187
0.25377
1.63749
3.39715
2.81385
0.502353
1.44529
0.278335
1.36981
0.0209584
0.442083
1.64993
0.940175
0.651463
4.12173
0.681327
0.140604
0.40878
0.355849
0.243644
0.286617
3.34461
0.352763
3.71602
0.309986
1.35406
0.064071
1.25917
0.719502
1.85635
1.14361
1.7105
2.37326
0.351601
0.647869
3.22149
0.42548
1.56954
0.25592
1.04996
0.953248
2.28255
1.05694
0.950491
0.849556
1.7413
0.311049
0.837455
2.25967
0.499387
0.034859
1.02617
0.488908
0.321728
0.988305
2.62489
0.520371
0.292145
0.267536
0.00269439
1.50382
0.163577
2.19965
0.686727
0.146787
0.933826
0.185815
2.21578
1.2595
0.627221
0.437879
2.8823
3.57531
0.529271
0.954103
0.801269
0.478182
0.0399534
2.0405
0.843801
0.808635
0.488933
0.281353
0.0238383
3.76394
0.388499
0.600052
0.481872
0.220773
1.83997
0.0422243
0.91791
0.63102
0.648606
0.500566
1.5983
0.300632
0.810349
0.398536
0.353907
4.14008
0.0781526
1.71788
2.11075
0.443067
0.08434
1.393
2.05293
3.20238
0.0500189
1.67563
0.426514
1.37365
0.0801472
1.01095
0.448335
3.26123
2.35201
0.327993
0.011302
0.0438822
0.372101
1.98928
1.09024
0.580502
0.15358
0.636144
0.373408
0.445145
0.479776
0.241828
0.184033
1.57086
0.173785
1.47652
0.264461
3.35023
1.03332
1.12913
0.239173
0.258359
2.33129
1.16972
0.817505
0.0959245
0.243648
0.220214
1.9253
2.27651
1.68555
1.59172
0.322005
1.75862
0.324703
0.964369
0.780701
0.245881
0.437855
0.358877
0.183816
1.67272
0.843339
0.820532
1.55805
1.94353
0.718195
0.243582
0.791748
0.410687
0.503889
0.302891
0.813227
0.407217
1.03936
0.296894
0.395218
0.262576
1.67306
0.874264
0.0295981
0.472497
0.0612826
0.46097
0.0846146
2.5751
0.648084
0.807755
0.268494
0.189123
0.615918
0.976769
0.788444
0.0559317
0.323248
0.0452512
0.0895282
0.450685
0.683653
0.162352
0.917744
0.480941
0.283425
0.141346
0.583025
0.184388
0.118144
0.277503
0.351558
2.92401
3.77317
0.237427
0.319883
1.38659
0.0387657
0.138583
0.344283
3.22963
0.0539692
0.897873
2.27337
0.822377
0.537061
0.754617
0.445333
0.310028
0.54409
0.650466
0.573701
1.70699
3.24586
0.0352955
0.82891
0.319212
0.963817
1.73938
0.433947
1.21601
0.284469
2.21823
0.245059
0.782783
1.74183
0.0176873
1.41196
0.207256
0.422635
1.72348
1.7168
0.267247
4.91143
1.597
1.82715
0.826569
0.385726
0.214778
2.51043
2.46329
0.393543
1.8806
0.218637
1.81931
0.663064
2.025
0.344837
1.11057
0.276596
1.18629
0.936652
0.496518
2.00888
2.99645
3.5606
0.162225
0.147844
0.21032
0.368546
0.180772
3.314
0.281453
0.508688
0.459559
0.494946
1.00002
0.885579
0.886819
1.38548
0.584277
1.96533
0.828361
1.11884
1.14
0.42003
0.209505
0.0386744
0.437921
1.68886
4.28379
2.0918
1.87368
0.767743
1.60648
0.893525
0.251308
0.169576
0.759774
0.666467
0.490218
0.9546
0.301419
1.02447
0.17172
0.840863
1.35292
0.925599
2.22535
0.103413
0.0192624
0.877328
0.496007
0.690726
1.59034
0.0857708
0.898933
0.416119
1.50367
1.12645
0.29433
0.873904
0.0198312
0.949636
0.372211
1.74471
1.47176
1.03938
0.910075
1.57215
0.328455
0.22275
0.0706825
1.13759
0.556701
0.355313
1.80703
1.59896
1.32797
0.141914
0.497458
1.45486
0.630767
0.127327
0.0977424
0.0835541
0.124161
0.147587
0.685272
1.1131
0.357758
0.712502
0.414941
0.549802
0.887043
0.471612
1.53363
1.44175
3.04005
0.0215584
0.189051
2.95146
2.20832
1.15827
0.648255
0.381965
1.07295
0.539127
0.118621
0.479485
1.84417
0.362091
0.172996
0.409511
1.26117
0.551467
0.491719
0.752312
0.350003
0.677028
1.59517
0.760281
0.441241
0.669592
2.74421
0.400732
0.176781
0.591696
5.09445
0.43615
0.0260517
2.27555
0.553264
0.234357
0.238698
1.56343
1.66019
1.63509
0.726849
1.17721
1.09802
1.06088
1.02357
0.539537
0.496116
1.42444
0.136688
0.653886
0.681138
1.5922
1.08374
0.0243587
0.355557
0.565024
0.346222
0.968727
0.529345
1.00268
1.43215
1.15235
0.349746
0.274367
1.58719
3.34831
0.312733
2.18856
1.07791
0.865208
0.540159
0.35116
0.326797
1.05867
1.64397
2.00096
0.249445
0.859758
2.11923
2.10847
1.5592
0.546983
1.60796
1.34467
0.679696
1.85501
2.51959
2.32182
0.0386329
2.25824
0.414344
1.29421
0.417811
1.37941
0.570304
0.333855
0.108057
2.21876
1.09241
0.902372
0.222068
0.343585
0.566554
0.149011
0.436162
1.56738
0.269488
0.399129
1.02924
0.934057
0.795487
0.414372
0.280371
1.26243
3.09918
0.0783829
1.00905
0.0987346
1.9161
0.47912
2.36974
2.2396
0.49899
0.206976
0.916667
0.122286
1.56185
1.57193
3.30542
0.407309
0.110585
0.182884
1.31205
2.29109
1.11839
0.275987
0.00304821
0.0501702
0.828276
0.645377
0.52511
0.902017
0.0202429
0.695383
0.875279
0.105607
0.528188
1.30075
0.856887
1.42543
1.28383
0.429326
1.41208
0.539847
1.85267
0.55252
0.0999779
4.11371
0.630868
0.427995
1.21333
0.263645
3.93267
2.43178
0.287375
0.626977
1.78106
1.76143
1.06367
1.34372
0.640542
0.200275
0.147839
1.32225
0.213159
0.201611
1.12452
0.195946
0.158457
1.2661
0.963368
1.28765
2.68055
0.848955
0.275606
0.41392
0.0393496
0.285557
0.0403411
2.00619
0.868906
0.294604
0.774886
0.709843
0.628612
1.52067
2.05307
1.75524
0.420615
0.791385
0.215125
0.190256
0.543333
0.0981981
1.63722
1.57098
0.0846888
1.2582
1.67241
0.844885
1.00155
1.67022
1.01105
3.06739
0.963131
0.184442
0.0239641
4.36083
0.419599
0.128852
4.40851
0.408493
1.12048
2.72698
1.00305
0.669842
0.525811
0.636519
0.527259
0.227544
0.0406718
0.15125
0.743127
0.908815
0.0868281
0.806158
0.565861
1.02761
1.86637
0.046921
1.11595
0.383623
3.74377
0.908138
0.137684
2.30162
0.306807
0.28426
0.550248
2.68247
0.396884
1.33859
0.86651
0.369323
0.788248
0.449683
0.985493
0.227476
0.993658
0.219228
0.321475
0.926972
0.0668433
0.0293229
0.87929
6.79049
0.312776
0.122563
0.388377
3.12833
0.0941137
0.964491
0.305173
0.51457
2.3252
4.49598
2.39118
0.246573
1.48792
0.185743
1.21183
0.122565
0.254574
2.26273
0.426529
0.402106
1.7806
0.133562
1.7417
3.27425
0.0541229
0.7615
0.643454
0.0944691
0.432679
3.48726
0.26543
0.0736174
0.252466
0.971553
1.97611
1.9022
0.189451
1.41916
0.287092
0.929693
0.661928
1.74787
0.50952
0.444646
0.395154
1.34597
0.41383
0.892651
2.89043
0.348444
1.82858
0.383562
0.753391
0.190048
0.109382
1.2597
0.0467107
0.574682
0.465464
0.054639
0.266676
0.390922
0.844773
2.84683
1.9151
0.377002
0.391498
2.12763
0.650585
2.64632
4.81587
2.8136
2.26916
0.275535
2.26044
0.298026
0.498404
0.0938716
0.410061
0.261569
0.286049
0.945728
0.151358
0.368785
0.462352
0.382036
0.0214796
0.266767
0.562036
0.133583
2.45238
0.86452
0.508043
0.547576
0.0799173
2.18414
0.221022
0.692035
0.0989815
1.14512
0.999505
0.0291586
1.24238
0.145732
0.200161
0.208648
0.634084
0.837373
1.38113
0.787334
2.24234
0.131075
0.498507
1.30108
0.448101
2.19809
0.9749
0.294092
0.162872
0.938367
3.26141
0.432401
0.268312
1.23554
1.70167
0.158095
0.483142
1.14918
4.26302
0.156313
0.878264
0.482102
2.43388
0.70442
0.205562
2.14801
0.655152
2.25305
0.603799
0.533516
0.761612
0.37566
0.995485
1.85453
3.02018
0.116252
1.12483
2.20265
0.358287
1.35223
0.142671
0.307942
0.318772
1.85241
1.49794
0.873486
2.79101
3.45083
0.184722
0.132982
0.686045
0.207665
0.266052
0.182615
0.241349
0.462969
0.08942
0.758115
1.22136
0.190492
0.089533
0.809236
2.93384
1.47192
1.22247
1.41522
0.407426
0.285422
0.869408
1.29006
1.40878
1.12573
0.340165
0.0930647
0.953826
3.93579
0.746884
2.4234
1.21236
0.892246
0.00498498
0.205608
0.701669
0.194145
0.801857
1.00327
0.602035
0.426461
1.25101
2.96799
1.30744
0.957953
0.120803
0.601084
0.493279
0.185045
0.512074
0.454305
0.102277
0.228227
0.392936
0.114832
0.497308
0.672779
3.79664
0.258926
0.670843
0.00274538
1.35688
0.334095
1.23374
1.06297
0.721421
2.32416
2.08
0.997272
0.276547
0.281736
0.543666
1.20836
0.0953627
0.0674814
3.69736
0.756447
0.0650633
0.983235
0.285012
0.00819033
0.505638
0.711202
0.657073
0.515711
0.073898
0.068028
0.697274
0.291572
1.83652
2.8594
0.571606
1.17485
0.424315
1.03961
0.249108
0.865998
1.05221
0.328298
0.858616
3.25474
2.01873
2.43749
1.70257
2.02376
5.17679
0.479511
0.707925
1.18565
0.0403675
0.346231
0.569471
2.00454
0.154616
0.254681
4.53089
0.616915
0.739929
0.579934
0.597046
0.897348
0.000702143
1.52653
0.835572
0.506142
1.81272
0.175331
1.72856
1.62251
1.24214
0.255791
0.173945
0.0480764
0.546267
0.154695
0.247313
0.999729
0.0269847
1.94148
2.15728
1.88641
0.185463
0.0244538
2.16287
2.59518
1.14277
2.13862
0.580162
0.784982
1.18187
0.941164
3.4235
2.34533
1.51786
1.02918
0.511497
1.47329
1.88118
0.412003
5.54238
0.217386
0.767079
0.587676
2.5096
6.55268
2.79585
0.0953722
0.220129
0.268095
0.438181
0.901894
1.42156
0.193216
0.286517
0.928785
0.919866
0.159463
1.45378
3.38942
1.34245
0.694178
0.902244
0.562634
0.1759
0.374604
0.143672
1.79841
0.710178
0.824447
1.94956
0.835715
1.68767
0.560099
2.07615
0.194307
0.476557
0.465764
2.70602
0.749148
1.27274
0.124276
0.199607
0.173373
0.737902
1.0031
0.582872
0.782905
0.0866225
0.731435
1.28674
0.531255
0.610517
0.398646
3.51642
0.666165
1.41463
0.601774
0.136838
0.183675
0.761966
1.75108
0.140774
1.77202
0.435475
0.901598
0.555927
1.53675
0.0900406
0.769915
0.107131
0.260525
0.755635
1.90694
1.31683
0.246966
0.460404
0.0923837
3.31041
0.663068
0.147074
1.3322
2.18788
3.10384
2.32599
0.154981
2.29131
0.354195
0.587305
2.16188
0.319931
3.27439
6.39221
0.42805
1.17323
1.15237
3.14654
0.739203
0.504311
0.603375
0.544842
1.10601
0.12415
0.607446
0.950729
0.0940042
0.0818219
1.13346
0.133422
0.369941
0.596367
0.94394
1.05485
0.520424
2.67334
0.540289
0.7117
1.87797
0.567382
2.50066
0.0665333
1.05743
1.22684
0.0945294
0.322735
1.15335
1.33689
0.525273
0.407732
1.04859
0.234486
3.36044
3.42604
2.76125
1.30049
0.812478
3.10115
0.344507
1.90336
0.621863
0.486733
0.798877
0.0168642
2.56775
0.686988
1.33983
0.494233
1.1427
0.045829
0.429116
0.216329
1.87331
0.77011
0.153831
2.32827
1.63238
0.268166
1.26553
1.11401
0.284279
0.737914
0.819598
0.58021
0.0587859
1.07154
0.126321
3.18716
0.646192
0.582321
0.212167
1.1523
0.767399
0.291141
0.297759
2.07778
0.597341
0.709833
1.01616
3.40187
2.3364
0.642224
1.79978
0.10577
0.364706
0.146173
2.33917
0.136632
1.50484
1.71751
0.196237
1.89769
0.771175
0.15675
0.099709
1.27876
0.878295
2.80938
3.46416
0.530706
0.0108937
0.320944
0.47633
0.174304
1.15828
0.450329
0.735212
1.45757
0.69872
2.38434
0.731555
0.493051
0.748924
0.0551976
1.09627
0.0606024
1.41484
0.463287
0.347091
0.831936
0.0385445
1.64918
0.518532
1.53898
0.534365
3.84872
0.427345
0.813588
0.0127165
1.79054
1.49349
3.55394
0.0756907
0.084607
1.19391
0.19305
4.74123
4.15345
0.0638405
0.225497
0.00914912
0.070009
0.454457
0.31283
0.521105
0.462229
0.322284
0.369926
0.547197
1.61518
0.973259
0.291947
1.52367
0.0767136
0.43797
0.50619
1.49311
0.602577
4.25571
0.788329
2.43395
0.498929
0.0833762
1.36887
1.56302
2.51803
0.657036
1.28811
0.887217
2.50692
0.485318
0.180816
1.67461
0.104435
0.451482
1.5812
0.843492
0.615799
1.85743
0.515116
0.135656
1.09216
0.470413
0.479454
0.265929
0.217178
0.841387
0.976035
0.753133
0.302705
0.78183
1.73984
0.335423
0.278916
0.0964615
0.12126
0.40981
0.0477146
0.159511
1.20536
0.388779
0.779209
0.344674
0.574959
0.516186
1.36408
3.25308
0.0961187
0.112443
2.70583
1.5562
0.303662
0.444293
0.704887
0.890051
2.06111
0.560754
0.236711
0.805169
1.45355
1.14972
0.911949
0.748453
1.70794
0.254383
0.0997545
1.7241
1.69971
4.75147
0.174297
0.796614
2.69853
1.31794
1.67144
1.61412
5.32181
0.666571
2.53927
0.195165
0.491182
0.504649
0.853808
0.990317
0.27259
1.42219
1.78566
3.89926
2.16733
1.81556
0.548973
0.040075
0.163459
0.226088
0.851406
2.02199
0.0545065
0.993568
0.919702
0.722487
1.76799
0.147717
0.0442871
0.2231
5.17324
1.57607
0.909186
0.338738
0.80095
1.63391
0.222625
0.128679
1.06414
0.117521
0.0654594
4.04721
0.345821
0.662093
1.03416
0.371529
1.35442
0.0596598
2.20624
0.743434
0.0289077
1.46722
0.397162
0.271458
0.130325
0.531607
0.816208
4.11793
0.195398
0.864421
0.095042
0.665186
0.34352
0.408344
0.545027
0.0438082
0.919471
1.09852
1.34768
0.722441
0.522453
0.628009
0.061389
1.2096
0.724104
1.06737
0.554781
0.453583
0.0203578
2.25058
0.0508941
1.24939
1.35341
0.486756
0.641949
0.325082
1.87614
0.202641
0.0792122
4.16461
2.47161
0.982527
0.574116
0.58143
0.206193
2.01481
0.385276
0.0525048
1.31062
0.0986021
0.068876
4.29665
0.99682
1.15
0.990245
0.0279852
2.33209
0.272333
0.699304
0.153171
0.0948022
0.349416
0.846472
0.675867
0.526616
0.0161376
0.271308
0.180284
0.403333
0.415609
3.73954
0.216941
1.43949
3.11473
0.713787
0.579399
0.256012
0.317797
4.32558
0.583862
2.70953
0.0212274
0.264355
1.10068
0.53943
0.384144
2.52386
0.0345234
2.916
2.984
0.464128
1.58935
0.241276
0.027837
1.24328
0.764907
0.670487
1.09942
1.65856
0.299154
1.28001
1.28599
3.17998
1.32324
0.244003
0.101327
2.14348
0.892438
3.12943
0.501602
0.282834
0.567784
0.424313
0.600263
0.630664
0.57541
1.00741
1.1976
0.359561
0.75621
2.849
0.868076
0.207137
0.0533296
0.652155
0.436642
0.66791
0.680403
0.669527
0.562655
2.48357
0.333694
1.09544
1.90964
0.417534
0.58619
2.6033
0.00475025
1.52434
0.471257
1.39886
1.86382
0.482274
0.818542
0.822524
0.135659
2.78814
1.51307
1.04594
0.512419
0.790792
0.0834598
0.577791
0.166831
0.703916
0.135312
1.24169
0.248069
0.259998
0.208409
2.10057
0.560813
0.0136456
0.0609282
0.189865
2.6838
0.412607
1.76946
1.00669
0.712164
1.60732
0.910095
3.58943
0.0613013
0.120439
0.566865
1.49547
1.85147
0.0574185
2.00194
0.0508123
0.940428
0.486163
0.033457
2.25912
2.3292
0.73459
4.96914
0.148689
0.0996391
0.809377
0.0875048
0.231717
0.865503
0.168193
0.673837
0.0848857
1.5288
0.258882
0.0747668
2.25746
0.405321
1.79141
0.503033
0.332579
0.914299
0.32225
3.77527
0.219841
0.607303
3.60906
2.22553
0.0297058
0.697799
1.41487
1.36446
0.764868
0.365299
0.249397
0.855317
0.137984
3.16354
0.93155
0.628635
0.979575
0.232434
0.691776
1.67143
0.464697
1.49836
0.178636
1.51135
0.48737
2.08151
0.193952
3.80032
2.61183
0.985811
0.442092
0.426344
0.978663
0.19321
0.130937
2.39811
0.351949
1.9957
0.454581
1.06863
0.00972614
0.317107
0.537251
0.476718
0.467868
1.57457
0.532548
0.341542
1.35297
0.257076
0.0822371
1.70268
0.25701
0.198917
2.27171
0.12893
0.0181306
0.675238
0.36144
5.52745
0.852931
0.0562245
0.266738
0.120931
2.67136
2.01362
2.3511
0.636005
0.0558517
0.310429
0.512154
0.73723
0.0490932
2.15188
0.0822423
0.0218388
0.507797
0.0221132
0.914796
1.54444
0.0969449
2.01849
1.84433
0.0426605
0.319423
0.919518
2.62792
0.326296
1.48202
0.322437
8.27579
0.609574
0.229683
0.796302
