mu=1
xigamma=1
1.21622
1.69778
0.705159
1.06612
1.34038
1.50199
0.904789
0.855949
1.80509
2.16527
1.87155
1.62698
1.71442
-0.353731
0.199345
0.904965
1.74741
1.37163
1.23781
-0.364723
1.10452
2.67061
2.62529
-1.73252
2.26933
1.3878
1.93208
1.23152
1.0108
1.90744
1.39491
0.902813
3.51304
0.958324
1.82706
1.07903
1.07969
0.998489
0.568004
1.63256
1.49621
-0.164096
-0.950758
0.860942
1.55905
2.75858
0.371171
0.409222
1.55572
0.00641144
2.58155
0.148135
2.10209
1.47259
1.54753
1.53963
-0.0539745
1.23739
-0.610869
-0.272679
-0.910955
1.04914
0.822624
-0.367533
1.03094
2.35805
1.65769
2.07561
1.75055
0.272652
-0.362795
1.65975
1.36289
-0.105643
0.05812
-0.0749307
1.14304
0.540057
1.11228
1.13596
3.37507
0.847226
-0.235809
1.24862
1.74789
-0.657869
2.35242
-0.0663489
-0.382692
1.34388
1.15838
1.91999
1.77927
-1.00398
1.06807
1.87462
1.4002
1.52499
1.17329
2.69372
-0.447385
2.12593
1.27677
1.50643
2.00937
2.95605
1.4072
-0.931857
1.53132
1.1803
0.279918
-0.350988
1.08607
0.551864
0.581295
1.51783
2.86468
2.18675
0.655044
1.9351
1.07215
2.47657
1.74496
0.367408
1.13647
-0.123679
-0.150293
-0.446041
-0.078289
2.31316
-1.17577
-0.476191
2.14452
1.04355
1.37874
0.509865
1.93103
0.327553
0.9064
0.796873
-0.108613
1.9614
1.26944
1.25454
1.76267
1.32311
0.59146
0.772497
2.57034
0.785036
2.0886
0.474599
1.15405
2.04752
1.40257
2.15298
-0.2512
0.348649
0.137365
1.52128
2.64249
2.17938
2.16475
1.22724
2.36167
0.469106
0.57201
0.560086
2.59385
1.0272
0.679063
-1.06676
1.03494
-1.11369
1.7804
0.58257
2.10708
-0.636191
1.15431
0.0739967
-0.0942433
2.51988
1.7016
1.89174
0.0877001
2.01201
1.09099
2.23928
2.01372
1.05729
0.749297
1.0042
-0.414598
0.483876
1.0578
1.61098
-0.0295539
0.749011
1.13702
0.973596
1.40189
2.3463
1.87732
0.890847
3.13102
0.429511
0.823359
0.0226849
-0.0271047
0.602211
1.5053
0.688636
-0.093028
1.73481
2.29941
1.48353
1.11648
1.81702
-0.316702
0.656333
2.08026
2.08069
0.982245
0.0191149
0.657819
1.97062
-1.02833
0.332912
0.654158
-0.495359
1.10252
0.620324
2.05166
1.48662
0.154205
0.154361
1.63779
1.76453
2.09794
2.97218
1.82515
2.44538
1.62617
0.610076
-0.280108
1.61402
-0.425854
0.277199
1.13787
2.20949
1.96935
3.13707
1.57176
-0.0582782
-0.177209
-0.0477811
1.65251
1.42048
0.335147
1.01471
0.661908
1.9215
1.4431
0.900025
1.51121
0.404849
-0.513441
0.0662611
1.29481
-0.0245931
1.25749
-0.319585
2.1954
-0.609279
0.762729
1.0643
2.05564
2.18321
2.66567
-0.627475
1.44653
-0.131005
0.556422
1.84883
0.292937
0.871468
1.04945
0.491925
0.889742
2.08749
1.57142
3.03808
1.95604
1.46325
1.11735
0.756489
1.46795
2.91926
0.961891
0.607387
0.618485
1.25756
-0.130127
1.58609
3.01854
0.647702
-1.11615
2.48522
2.32446
-0.506409
-0.299807
-0.327714
0.598962
1.86389
0.265506
0.393203
0.113762
2.19611
2.14606
0.541561
1.37744
-1.16174
0.573841
-0.858073
0.069079
-0.355821
2.25995
0.178794
0.89722
0.135093
-0.198756
0.91743
0.784232
0.815846
0.555519
-0.846763
1.99929
0.525076
1.74615
-0.373505
1.54777
0.175213
0.904221
-1.24213
1.06998
2.03271
0.652382
0.0638993
0.916947
0.230949
1.34715
0.567755
2.88586
0.00443885
0.602927
3.24966
1.6334
1.68333
-0.154928
2.61024
-0.903668
-0.703631
-0.0294102
0.257719
0.655985
0.576207
0.266657
0.46502
1.76638
0.839686
1.42116
-0.0539586
-0.684986
2.62701
1.40623
0.23416
1.07815
-0.613958
1.27853
0.997707
-0.381976
1.05061
2.28793
1.17421
0.39537
3.10732
1.24154
0.428691
-1.86573
2.05309
1.92386
0.834778
0.882348
-0.629582
0.230634
1.0702
-0.143351
1.62893
0.62495
-1.19529
1.41134
0.283634
1.44867
2.43761
0.918424
0.281487
1.5777
1.30352
2.0836
1.42693
2.13888
0.683207
0.42636
1.41086
-0.488754
-0.7732
0.934401
1.00535
2.47891
1.67237
-0.306972
1.2674
1.97603
-0.0323513
2.86856
1.57244
3.01522
3.32484
1.29095
1.1414
1.22081
1.96154
1.90118
-0.0257576
0.986131
1.71664
0.894486
0.6733
1.67942
1.45306
0.268466
-0.169005
2.0853
-1.05955
-0.38401
-0.0530454
1.21651
0.781878
0.521301
1.01946
0.602647
0.174639
3.68946
1.72162
1.45629
-0.194966
0.343886
0.231046
0.565167
-1.04227
1.16925
1.46614
0.704626
0.470789
0.104335
1.14152
1.39075
0.32189
0.520566
0.976761
0.419865
2.10532
0.514663
-0.978102
1.64169
1.64352
0.8648
2.39674
-0.757474
0.64033
0.26677
-0.0133679
0.868595
0.344343
1.32413
2.85102
1.7111
-0.681677
-0.473741
0.163784
0.741696
2.29916
1.74977
0.813526
1.96863
1.36232
2.51904
0.436622
2.72925
-0.041985
1.61157
-0.775827
0.607966
1.90358
0.55776
1.11036
2.23665
1.60792
0.398593
2.23733
-0.00303972
0.921137
1.25218
0.341538
3.20116
0.866439
1.49021
-0.436067
-0.0677473
0.423286
1.6023
0.956085
1.39276
0.287641
0.963526
0.793827
0.479509
1.26082
1.86887
0.272866
-0.708476
0.430929
0.65062
2.70794
0.847535
-0.0312378
1.87855
-0.355906
-0.779692
1.97041
-0.282565
1.04586
0.683247
1.91402
1.11375
1.3802
1.03179
-1.02692
0.702941
-0.547104
0.971198
1.70839
1.33538
2.07104
1.24068
-0.848791
1.86029
-0.330517
1.18919
-0.0287816
1.24847
1.09706
2.21882
1.07416
0.964141
2.14442
0.131713
1.85329
-1.23632
2.31179
2.16281
1.67757
1.97814
0.555156
2.10492
0.401808
1.59455
-0.383551
2.74061
1.12936
-0.319378
-0.307208
-0.787068
0.534439
0.363674
0.715358
0.49491
0.366492
2.84116
0.268777
1.34522
-0.801222
0.176379
0.0784905
2.89935
1.79016
1.76754
-0.965208
3.0022
0.0830963
0.8572
1.44899
2.33943
2.06636
1.34389
1.46821
-1.01933
0.208006
0.688244
1.05728
1.57141
1.20035
0.838226
1.4927
-0.0231671
1.01142
2.46309
0.70395
1.47123
0.656266
1.60682
2.77774
1.40603
1.00151
0.565392
1.83928
1.31014
0.852135
0.11283
0.425302
0.499745
1.12498
0.806424
0.535127
1.27911
0.0196678
2.76158
0.768355
1.09718
1.03273
0.843051
-1.15227
-0.194905
0.987189
2.67023
2.95333
0.740494
-0.0704346
1.81663
2.36273
0.657339
0.63606
0.706242
0.915887
0.575961
0.98134
1.00492
2.51863
0.834817
0.747076
1.84213
1.36245
2.23448
0.43931
0.0982303
-0.6025
0.770759
1.76189
3.28001
0.6821
1.4966
1.82023
1.39576
1.3371
-0.715786
-1.47061
-1.14133
0.919705
0.0568832
1.26074
2.03004
1.7344
0.639421
0.909466
1.61763
0.838555
-0.987974
1.85987
0.819219
0.327588
1.6293
2.3261
1.23116
1.50706
2.87835
1.43614
2.12346
-0.305185
1.3924
1.28376
1.31543
1.18385
1.30421
-1.08675
0.834626
1.14255
-0.0529984
1.21116
1.46617
2.19152
0.991026
-0.000132104
1.29909
1.0688
-0.34751
0.869104
0.874656
-0.203038
2.63436
1.97497
1.45117
1.00336
0.915769
1.43658
1.13818
0.820808
2.40194
-0.163672
2.04479
0.121538
-0.975784
0.361916
0.809849
0.0584117
1.33844
1.0521
2.41173
0.24638
1.37082
0.745294
1.61899
2.08773
0.0508717
-0.0668709
1.1167
0.605895
1.1834
1.99586
1.30796
1.72399
1.17498
1.13348
-0.140461
0.886066
-0.138838
1.72414
1.17721
-0.0948183
1.67451
-0.278636
0.901613
-0.684786
2.57097
-0.514445
2.19002
0.760432
2.08404
0.104584
1.73471
2.00561
-0.287004
2.19133
0.57472
1.31205
0.464534
0.895105
-1.24773
1.06809
1.15574
-1.42226
0.391058
0.833096
0.756749
0.676234
1.7376
-0.310488
0.44586
1.22027
1.26185
0.0806298
1.42809
2.04607
0.955358
1.45336
1.08424
0.576324
2.02467
1.18671
0.542408
1.46459
0.432895
1.15588
2.09036
0.468523
1.13294
0.409676
1.00719
0.494947
0.263486
0.976579
3.02721
-0.182169
1.36178
1.22739
0.711179
0.581934
0.632935
-0.253383
1.02744
0.461226
-0.306592
1.00209
0.930316
0.783828
2.12844
1.92632
0.762665
1.93175
1.01339
1.75789
-0.0689918
-0.187285
0.885684
1.6162
0.225905
0.849427
1.88654
1.45815
1.49818
0.790666
1.12163
0.806064
-0.463427
0.669032
2.06894
-0.12177
1.71686
1.11758
0.294555
1.43456
0.909771
-0.316468
0.475418
-0.459815
0.211127
1.82526
1.65328
1.29818
-0.0124196
2.71711
0.906888
2.23554
1.98745
-1.16289
0.633174
2.64754
2.47391
-0.114168
0.579699
0.440556
0.269935
1.17161
0.642504
5.04958
1.54041
0.685116
1.928
1.34332
1.72438
1.68852
0.753095
0.434516
1.68182
-1.66028
2.37794
2.64461
2.82245
1.547
1.68116
0.83699
-0.051731
2.46069
1.26046
-0.400331
1.42792
2.64874
1.36977
1.96009
0.203598
1.86945
1.58031
1.16009
1.18387
0.259274
0.89215
0.116241
0.589929
-0.267229
-0.56441
1.93987
1.04305
0.725961
1.35167
0.0833432
1.20163
1.46035
0.590866
0.0817332
2.26543
0.599467
1.29672
0.345833
0.130833
1.41616
0.767469
-0.470247
2.87496
-0.329092
0.839005
1.36352
2.77731
1.43803
2.31687
1.64865
2.00109
0.620417
1.07963
2.04128
2.37454
1.16238
1.28157
1.88892
0.417999
1.49019
-0.0549641
-0.216369
0.647344
0.686788
0.786935
0.8885
1.32369
-0.573353
0.639018
1.23744
0.589131
-1.53831
0.574088
0.78259
0.609514
2.54104
1.17796
0.50601
1.43302
1.47922
0.795958
0.682223
1.20369
1.66801
0.391905
0.596741
2.40318
-0.364281
1.57893
0.245238
0.683061
0.150469
1.4604
0.408112
-0.819493
3.18183
1.9021
2.19026
-0.214469
-0.76829
-0.398943
2.04467
1.38933
0.268966
0.763107
-0.986547
2.68477
0.436201
0.574182
2.69243
1.33835
0.2533
1.21206
0.642472
-0.185784
0.895181
0.902385
0.537716
0.227131
2.67839
2.33096
-0.182764
1.29661
-1.65828
-0.094577
1.54132
1.39656
0.236837
1.17732
0.523973
1.8597
2.94287
0.649962
1.79607
-0.645067
1.33948
1.75966
-0.729557
-0.388921
1.04977
2.595
1.26819
1.55981
-0.151192
-0.256051
2.00808
0.949838
1.74271
1.28117
2.25477
2.06182
2.14062
-0.792531
0.620126
1.26579
0.120516
-0.126816
2.05601
3.05673
0.891692
0.954207
0.117295
1.35128
0.377638
2.26587
2.30258
1.84695
-0.341626
1.30762
1.03454
1.47905
2.076
1.95919
0.961078
-0.618496
2.32554
0.947091
2.21902
1.96434
1.2565
1.96186
2.30731
2.34477
1.20763
2.17091
3.31052
1.06808
-0.00136403
0.405052
1.62261
2.15123
1.80393
1.29965
-0.0766103
-0.0414017
0.576289
0.660346
0.987191
0.836807
-0.378283
2.08938
1.40501
1.01015
0.271396
0.585064
2.05674
0.666743
1.51919
2.52737
0.241607
0.405845
-0.381368
-1.44608
1.60915
1.10049
0.580822
0.800736
-0.830374
1.30987
1.41772
1.16955
-0.364621
1.99951
1.8242
2.45363
2.0692
3.1278
-0.533487
2.85216
1.56634
0.84804
-0.327994
2.34573
0.186878
-0.217916
1.30683
2.23809
2.18768
1.03697
0.25399
3.06828
0.48681
3.38781
0.725681
1.48931
0.552362
1.06483
0.091328
0.184492
2.05509
1.46593
1.6712
1.03302
0.611681
-0.111093
3.79206
0.389744
1.3597
-0.791509
0.795941
0.101544
2.0172
2.49023
-0.327481
1.17505
0.781897
1.36059
0.581822
1.63063
2.13534
-0.673097
0.0176135
1.90699
-1.48867
0.134108
1.19843
0.398332
1.66454
0.0592822
0.496983
0.735909
1.77965
2.23996
1.03633
0.662637
2.3169
-0.20517
0.492586
2.49367
1.24064
2.36109
1.25014
-0.422219
0.455666
-0.475483
1.27285
1.73876
0.0698852
0.370741
-1.11887
-0.0571307
-0.590046
-0.0288748
1.33318
-0.877813
0.238301
1.00356
0.715515
1.94134
1.77351
0.99222
0.0181278
1.19109
0.554281
1.98633
2.35287
2.59258
1.07305
2.15124
1.48875
2.50744
0.291171
1.02119
2.66891
-0.729384
-0.123561
2.79722
2.13855
3.12944
1.47524
0.401877
-1.12935
-0.823507
0.354402
1.70092
-0.0201794
1.13918
0.689726
0.125471
0.97306
0.0860041
1.30888
0.452515
0.609808
0.737208
2.3707
0.0798674
1.70441
1.25613
-0.260773
1.07343
0.216219
-0.140873
2.4059
1.6746
-0.62431
-0.144034
-0.296844
1.0814
-0.264591
2.31502
0.7057
0.706105
1.0622
1.82247
2.19359
-0.59787
0.826336
0.539483
0.950327
2.42319
3.10308
0.592293
0.575244
-1.52365
-0.777718
1.64264
-0.296765
1.76872
0.150467
1.83291
2.12531
1.72788
2.71995
1.33225
-0.624774
-0.406504
0.997734
0.801256
0.774306
1.59623
-0.824196
3.15194
-0.0735511
2.24736
0.983388
0.177071
1.21805
2.19517
0.893671
2.66135
-0.161299
0.513824
0.784552
1.36203
1.03662
-0.204283
1.9445
0.156899
1.02184
1.35413
-0.103262
0.515144
-0.379818
0.646186
1.55427
2.49289
0.73709
3.78699
1.8139
0.332251
0.566852
-0.131823
1.91524
0.290639
2.30804
1.39492
-0.255272
0.06622
-0.05909
0.957062
2.3221
3.03571
-0.0423029
2.44973
0.772521
0.939127
1.52665
2.75591
0.753633
2.71107
1.03283
1.89733
2.01052
-0.0116153
0.193638
2.01839
-0.384807
-1.82717
0.255368
1.53498
0.922578
2.59822
1.36477
-0.232463
3.78124
1.68287
0.585526
0.437608
-0.713029
2.61374
-0.221527
0.995746
1.83113
0.672218
-0.12298
0.728332
1.22941
0.0377434
1.01156
0.986884
-0.95704
2.19487
0.197099
0.706933
0.177869
1.48788
1.26137
0.38549
0.790223
0.500445
-0.265938
0.403439
1.20469
1.88218
0.0151942
0.423733
1.72972
0.99754
1.04467
0.585515
2.4849
-0.60645
1.00879
1.62952
0.333934
1.40209
2.40998
0.392647
-0.762456
1.59975
0.291828
-0.481482
1.1098
0.629171
0.474909
0.302347
1.67672
1.41224
0.895417
0.809883
2.4929
0.967775
0.78916
1.72503
0.961798
-0.452596
-0.826229
1.21201
0.956043
0.874226
0.0412467
1.60495
-0.282581
0.192321
1.87125
0.466533
2.23678
1.33905
1.18295
0.121696
0.395562
-0.305278
0.833469
0.47032
0.0338421
-0.186839
1.5846
1.84551
0.99651
2.218
1.55065
0.973318
1.08635
1.23536
1.2094
1.0923
1.02595
2.61946
2.4585
0.998299
2.0734
-0.153626
1.63389
-0.148027
1.09797
1.32324
0.892893
-0.133223
3.20435
0.142329
0.672171
0.97008
-0.0800791
0.0495004
1.97389
0.977745
-0.642663
-0.011602
1.54465
-0.205229
0.750203
1.35824
3.98304
1.83981
1.21266
1.40156
0.881751
1.59818
1.52827
0.88278
0.651764
1.35458
1.30827
0.382205
-0.0456242
1.85021
2.68803
1.19954
0.908789
1.31929
1.76719
0.667567
-0.13603
1.36254
1.10114
1.07892
0.700611
1.32222
2.2083
-0.539019
0.17803
0.946649
-1.88202
0.726329
1.79955
0.977444
2.36247
-0.750788
0.354184
1.1091
1.9457
1.17671
1.4834
-0.478226
0.545687
0.636857
1.1047
1.01823
1.43981
1.58881
2.38052
0.513235
0.318721
1.78015
0.0383834
-0.707804
1.50496
2.06862
1.62705
0.994217
1.99978
1.62402
1.79735
-0.507501
0.862564
1.05857
1.71042
1.68266
1.13773
1.52978
-0.650988
2.57705
1.37817
1.7882
0.777998
1.10684
-0.461143
0.340537
1.64845
-0.65667
0.946308
1.75957
1.5779
0.574538
0.898955
2.43393
0.567137
0.435956
1.57579
1.47708
0.806409
0.500343
2.26911
1.25779
-0.0560491
0.833635
2.18051
3.39769
0.0683347
-0.619891
-0.735624
0.274023
1.81056
0.285955
1.52516
1.2261
1.13149
1.27643
0.0265508
3.17359
0.351927
-0.968533
1.20255
2.52344
-0.123888
2.11565
1.29122
0.538453
1.26784
-0.145722
2.18969
1.65916
2.08899
1.11837
0.0824483
0.701229
1.11086
1.48155
-0.347691
2.42582
1.08979
2.87458
2.23238
-0.608283
0.851333
1.44363
0.107409
1.14148
2.56183
1.96261
1.36549
-0.136375
1.58178
0.744552
-0.214195
2.06164
1.66519
1.63145
0.577156
-0.039431
2.05562
0.025805
0.981439
0.231445
-1.11839
1.43247
-0.194338
0.949028
1.78007
-0.843386
1.63872
-0.427506
0.136642
1.54464
0.507094
1.52591
2.70345
1.85155
0.986569
0.776972
1.11007
-0.781926
0.136315
2.08669
2.74461
1.76171
-0.183212
0.986258
1.93149
0.721512
0.108741
-0.106676
1.4976
1.11265
2.41
-0.19135
-0.764621
0.595882
-0.492571
1.78718
1.29692
0.904241
1.94788
1.13674
1.78265
1.51413
3.35482
-1.54091
2.14598
1.88514
2.29978
-0.633437
0.027231
0.0882964
3.34559
1.04031
-0.311576
1.89667
-0.157496
1.85507
0.540766
1.08809
1.12274
1.1053
0.683827
2.04245
1.5782
0.601503
1.16773
1.35982
0.655623
-0.418068
1.33591
1.57281
0.990762
-0.435397
0.17918
0.94702
0.931824
-0.294196
0.924515
-0.138693
3.01094
0.613864
0.622565
1.99863
0.99362
0.861315
0.825155
0.394514
0.738007
2.23275
1.55561
0.081915
1.85249
0.59756
-0.64651
2.17514
0.540022
0.575076
0.780734
0.76701
2.50789
1.63159
1.36725
0.909471
0.267121
0.0962195
-0.731096
0.0353722
1.19334
1.51794
1.73431
2.4969
-0.587921
1.55534
-0.240783
1.96772
3.36221
-0.566117
-0.0541255
1.09794
1.72801
1.25196
0.616686
0.685777
0.117618
0.924419
0.735481
2.04937
0.474406
0.791653
1.36706
0.249296
2.16805
1.87003
1.81174
1.47829
2.47576
1.48238
0.173878
3.32515
0.666002
1.08351
1.7763
0.643121
1.4364
1.20678
-0.113016
0.301674
1.64111
-0.770047
-1.2806
0.304038
1.17001
0.737162
1.3615
-0.188309
1.11
-0.236073
1.53439
0.661814
1.16882
1.30441
-0.481475
1.72854
1.04754
0.261709
0.833877
1.72548
0.705699
-0.287931
1.50998
1.30254
1.18392
2.15707
0.968379
1.40106
0.412384
0.543366
-0.0604009
-0.216813
-0.0353911
0.777206
2.0879
0.75205
1.34599
2.20994
1.39562
1.42943
0.819873
0.863631
2.00284
2.58977
2.00182
-0.169657
0.799668
2.42481
0.139546
0.98611
0.118429
-0.76455
-0.0824195
1.51991
0.96902
0.350168
1.82547
0.36445
0.567955
0.554586
0.984436
2.38157
-1.33262
-0.293584
0.022934
0.120999
-0.0751252
1.35957
-0.84858
0.54584
1.18806
0.523734
0.023734
-0.186495
2.16152
1.36977
0.608562
0.0604025
0.642856
2.05803
-0.460363
1.06269
1.70513
-0.565994
1.2856
1.64297
1.43014
2.85248
1.704
2.49607
2.58088
0.0687473
1.16442
1.73293
2.07313
2.78432
1.37233
0.808755
0.985329
0.231111
2.37365
1.52202
0.673233
0.575913
1.65985
0.0846814
0.170858
0.299089
1.94025
0.747007
1.56311
1.71952
0.128196
1.26041
1.41177
1.15683
1.42195
-0.73198
0.416093
0.280015
1.42864
2.11128
3.11448
1.4322
2.04445
-0.898484
2.27132
0.634771
3.31162
1.7554
2.0141
1.91581
0.23674
1.35712
1.0073
1.09125
0.353785
1.51661
0.705265
-0.160621
2.15387
1.97379
-0.227953
1.58729
1.66469
-1.38528
0.888317
-0.622666
2.31271
-0.111106
0.315084
0.268888
-1.10784
-0.666876
1.04934
0.488314
-0.260758
0.150416
2.01158
0.540027
1.30435
1.37011
1.26065
-0.785824
1.93426
3.24524
1.17944
0.152248
0.810702
2.67876
1.77174
0.453186
-0.558213
0.968212
0.0705183
1.32482
0.486221
2.91507
0.943367
0.382071
0.444966
1.37862
-0.570024
-0.383766
0.956915
1.50458
0.798049
1.79526
1.18204
1.37535
1.60351
0.475874
3.00823
3.33632
0.444296
2.24742
0.303125
0.059899
1.2906
0.853863
1.7568
1.40243
0.646962
0.0263563
0.119428
0.743448
-0.119897
-0.302708
1.36565
2.64923
1.69362
1.31404
1.19467
2.51648
0.784957
1.53214
0.746332
0.881792
1.41873
2.51082
0.316116
1.06334
3.09707
-0.469211
0.434211
1.83771
1.07954
2.20269
0.876503
2.03573
0.883788
0.365144
1.36147
2.04872
0.949344
1.64259
1.89331
0.335989
-0.26773
0.00379682
0.469067
2.86463
2.09073
0.8683
-0.0378735
-0.952569
1.07045
-0.80032
1.22241
0.70758
0.731596
2.06772
1.57853
2.27694
-0.235284
3.04187
0.437438
1.41001
-0.772179
1.23988
1.49979
1.30421
0.850795
0.0491828
0.228078
0.713938
3.51749
3.0407
0.957872
1.3067
1.38359
1.99693
-1.60009
1.4691
1.57438
1.21244
1.6445
0.582603
-0.654954
0.493921
0.7093
0.667518
0.865297
1.83341
1.66329
0.356734
1.11884
2.00005
1.88721
0.684563
0.870535
-0.0629697
2.16299
0.537172
1.14706
-0.461649
1.13418
3.08813
0.976373
2.28511
1.08781
3.06809
-0.493615
-0.172423
1.63012
2.106
0.821197
1.34063
-0.456682
2.09131
2.31719
0.932921
0.675326
0.859284
0.672873
0.553626
2.31534
2.00236
0.537555
2.11981
0.335858
2.63573
1.93118
1.81039
1.42842
0.0431596
0.859401
0.987204
-0.0166351
0.816007
0.370213
1.51799
-0.627375
1.43879
-1.46641
2.46051
0.828651
1.93337
1.15401
0.908793
1.93702
1.03238
1.2912
0.930338
1.99991
1.79087
0.488222
0.241266
2.28727
2.13553
1.01992
2.1391
0.0651863
2.12764
0.982694
0.96372
-0.776044
1.57045
-0.740221
1.17677
0.931532
0.381555
4.36679
2.90112
-0.635024
1.54847
1.62411
0.807729
0.537741
1.24176
0.750728
-0.889373
0.543148
0.593824
1.20369
-0.308244
-0.191029
-0.32108
1.92471
0.839202
0.431252
0.328015
1.12185
1.65589
1.23238
1.96605
0.489016
0.212871
2.82451
-0.345257
1.98312
-0.49002
0.799478
0.693614
-0.411735
0.364079
-0.0236622
0.858327
0.935645
1.73371
0.366829
0.279392
-1.37751
0.613425
1.06025
-0.353371
1.98318
0.362074
1.6671
0.552861
2.13115
1.42642
1.6123
-0.677776
1.65978
0.56963
0.489438
0.795087
-0.979702
3.17194
1.42375
0.0873916
1.572
1.56224
-0.37157
2.69949
1.10267
0.870318
1.64216
2.1273
-0.671171
1.05573
1.32574
0.333775
1.03363
1.92853
1.91359
-0.416112
2.3798
-0.876858
2.69672
0.670306
0.882264
0.997427
0.459743
0.414052
1.45306
1.50557
-0.0903029
0.633487
0.144194
-0.144235
-0.0344682
0.762431
0.500535
1.08939
0.519935
1.11308
2.23186
1.01783
1.1713
1.59202
1.9826
0.375242
0.743179
2.37474
2.35164
2.67264
-0.964536
-0.00861186
0.879447
1.83455
1.17678
1.65496
2.58238
0.611855
0.371961
1.06605
0.855626
1.26272
1.86399
2.25551
0.332148
1.79768
-0.24086
2.73218
1.40262
0.812326
-0.823127
-0.0958946
1.90023
2.87556
0.534313
2.61582
2.39925
2.28117
2.6917
0.684059
0.962539
0.727887
1.59816
0.90029
0.417446
0.35252
2.03605
0.212878
0.440337
3.03194
0.932377
1.14552
1.16375
1.59694
1.27778
0.271616
0.454806
1.50148
1.02612
2.31171
1.51545
1.84418
0.27173
-0.827411
2.20867
1.13914
1.48701
0.620435
0.298643
1.25503
-0.159509
1.80109
1.56491
2.3748
2.12221
2.5032
1.52431
3.0436
-0.124937
1.69579
1.78537
1.12159
1.15193
-2.13106
0.297903
1.07357
1.39722
0.460086
2.31661
3.59434
2.03624
2.02527
0.612828
1.82903
0.399776
2.09171
1.96231
0.369939
0.151611
1.98728
1.00074
0.705096
-0.119154
1.80983
1.33194
2.23311
0.708533
0.161557
0.675216
0.0465504
-0.262628
2.77531
1.03711
2.69774
1.62504
0.0341863
0.563297
0.111141
1.4239
0.781696
1.19529
1.81736
2.31857
1.19708
0.17433
2.09601
2.58357
1.14445
0.437036
0.914801
2.73679
1.29422
0.328702
1.90603
0.694249
0.894864
-0.504167
1.29628
1.17598
0.645753
1.50278
0.419804
0.462365
0.0599379
1.5774
0.221911
0.222687
0.854657
-0.738382
2.14785
1.07321
0.384426
1.16617
0.0549599
0.344499
1.45436
0.504708
2.76533
0.737166
3.51223
0.446614
0.906246
1.03697
2.76892
0.967007
1.83448
-0.0920134
-0.281746
0.749594
0.402061
1.13309
0.966139
-0.987962
0.956513
0.43645
1.71107
1.24269
1.00929
2.44116
1.10088
-0.297686
-0.235955
0.990789
0.538585
0.675594
1.03967
2.41262
-0.345713
0.971184
1.80609
1.00853
0.49794
1.29032
0.186023
0.948964
2.62352
1.32137
2.03471
2.09979
1.36849
2.86681
0.963926
1.16464
1.34586
0.771385
1.31628
0.496796
-0.48515
1.52422
0.611037
1.19288
3.95827
0.610694
-1.31577
0.662147
1.54966
0.952226
0.627587
-0.896997
0.624597
1.87069
0.690996
1.06536
2.42909
0.17623
1.79555
0.412554
2.08692
0.296946
2.46306
0.994395
0.781526
1.36933
2.00588
1.16804
-0.251442
2.09496
2.00305
-0.0586704
1.17553
1.29115
1.3274
0.963781
1.6802
0.0383066
1.979
-0.289776
1.46395
-0.3266
0.134247
-0.505009
2.25666
1.07486
1.96826
2.24594
1.48153
0.169255
2.69718
0.854961
-0.465375
2.36258
-0.525626
-0.451059
1.38167
0.200724
0.65282
-1.07537
0.00981616
-0.450054
0.376624
0.37839
2.53407
-0.59235
1.92847
1.21668
2.56982
2.06501
2.02237
0.688152
0.779478
0.223465
-0.125864
1.10882
0.169661
1.79655
0.739116
1.2919
1.55147
2.16239
0.540089
1.94783
-0.150598
1.38501
0.467182
1.15673
0.157332
1.23067
3.01655
-0.233463
-0.54343
0.958149
0.0828986
1.48151
0.880042
0.392201
0.544808
1.07618
0.268338
-0.13369
1.10102
1.20167
-0.864895
-0.536088
2.19233
1.56384
1.18817
-0.819404
0.642411
1.50786
1.63068
0.647678
1.25011
1.26501
0.779502
-1.6588
2.82961
1.59431
0.179209
1.57292
1.60254
2.68608
1.52454
1.96387
0.443915
1.03329
2.16454
0.615889
0.970526
0.883912
1.13808
0.579483
0.975813
2.29084
1.68286
1.74698
0.00466365
1.32741
0.484456
0.916845
0.715511
1.2073
0.127501
0.781587
1.28866
-0.195139
-0.279357
2.28676
2.36001
0.37792
-1.01042
2.3555
-0.0696279
0.300358
1.17953
1.1854
0.644414
1.55662
-0.540623
0.165493
1.54098
1.5479
2.64735
-0.347204
0.37615
0.803179
0.760233
0.94595
0.625935
2.89007
1.95558
1.29665
0.36716
0.0633228
1.90672
1.19047
2.53034
0.71843
1.78355
0.219617
1.73563
0.653992
-0.112441
1.41233
2.18896
1.75769
-1.9404
2.03359
-0.0366199
0.88918
0.715551
0.506117
-0.82466
1.68176
1.54573
1.59158
1.99329
1.05436
0.514777
2.11201
0.404666
0.0873363
0.972182
-0.169081
1.85035
1.2659
1.00566
0.318059
1.61091
1.98567
1.89096
1.40346
0.936483
1.06172
0.68641
1.23193
-1.50777
0.623113
0.16504
1.56475
0.423194
2.45526
0.181345
0.886778
1.32258
1.39798
1.23305
0.88955
0.336483
0.892522
2.93117
0.620276
1.70803
-0.0163042
-0.218644
4.06549
0.602581
-0.709273
2.04724
1.60611
0.805155
1.22272
-2.65266
2.44384
0.734863
1.72907
-0.378636
1.56841
1.97282
1.80384
0.982208
1.41068
1.30559
0.301531
0.829779
1.05522
2.62421
1.20282
-0.184328
-0.0417963
1.17144
2.20848
2.8812
2.06347
0.146735
2.49292
0.313531
2.74593
-1.06214
1.32757
0.790737
2.97825
0.318086
0.896479
0.401589
0.590543
0.945247
1.76154
-0.594427
0.0540634
0.197282
-0.398134
1.77149
1.84081
1.3604
2.19683
1.14005
0.313768
1.53011
0.969967
0.861946
2.28361
-0.765628
1.4535
-0.00668007
0.310525
0.977998
0.552523
0.412651
2.10139
-0.52359
3.0693
1.83343
1.50558
1.60956
-0.711183
2.42292
1.01501
1.01118
0.278219
0.888571
0.0713404
2.06464
1.11874
2.07296
2.10434
0.674875
1.81815
1.90657
1.46242
-0.505427
0.787292
1.98378
1.29716
0.203224
0.470548
0.113837
2.15147
1.80498
0.978187
1.89327
-0.137237
1.23869
1.85456
-1.22843
2.044
2.04123
1.15312
0.478566
0.258417
3.0076
1.05382
-0.145117
0.0555156
-0.788525
-0.364597
0.178057
2.3502
3.61547
1.06899
0.341309
1.12755
2.1385
0.423717
-0.212121
1.62137
0.247711
0.406794
1.71648
1.94732
0.731455
-0.534094
2.07943
-1.22378
-1.41448
-0.153115
1.14358
0.439415
1.43158
1.6035
0.575102
0.970726
1.60594
-0.78704
0.730516
1.91117
-0.175488
0.799633
0.547697
1.10419
0.395771
2.61935
2.06636
0.0131868
0.772296
1.80431
1.67748
2.95344
1.30306
3.01958
2.19031
0.642299
1.38491
1.28866
0.603915
0.185462
0.249897
0.814768
0.488164
2.28751
0.947076
0.988047
0.739118
3.24056
2.39735
-0.170495
0.66129
1.52052
0.506961
0.651453
0.412991
0.0621893
-0.567788
0.683241
1.79618
0.898069
0.713394
0.100238
1.1939
1.11004
0.139995
0.969711
1.62463
1.55277
0.299823
1.36554
-0.694123
0.653328
0.502788
-0.826577
-0.0862299
-0.358111
0.632709
1.44928
2.04804
1.34698
0.371029
0.392625
1.39994
4.22294
2.13571
2.04278
0.538367
-0.171453
1.44345
0.556203
1.64659
1.95159
-1.27209
1.3221
1.92264
-0.0233138
2.64483
-0.794425
1.02128
2.25006
1.68129
0.784225
3.31265
0.076367
1.31358
0.991423
0.956189
1.33687
0.00231676
0.573358
2.42702
1.79654
1.75534
1.66175
2.70799
0.556105
1.25026
0.798698
0.25184
-0.0266135
-2.25198
0.665334
2.40281
1.42963
2.18828
1.74174
1.72911
0.595243
0.201466
0.953613
-1.13365
1.7606
1.78795
0.599875
-1.08381
1.49463
2.78503
1.20821
-0.098281
0.934486
1.31796
1.53651
-0.677207
1.94699
-0.167013
1.55859
2.35817
0.438274
1.37058
-0.110356
1.04768
2.43423
2.28504
0.140918
0.564527
2.30139
1.40978
1.75831
1.17633
0.914078
0.944917
0.117358
0.703852
-0.182888
1.13154
0.193712
1.90209
0.700439
0.755838
-0.839581
1.85761
1.99094
1.45224
0.345143
1.11814
-0.841267
0.297141
1.57794
1.59341
0.940572
0.399757
1.80816
1.41105
1.90813
1.06242
0.0633156
0.0522567
-0.706344
1.8118
-0.282038
0.665455
-1.0909
0.768074
0.261322
0.457178
0.213032
1.46197
0.580118
2.50869
0.331621
1.43508
0.368502
0.661356
1.84919
0.275941
-0.861417
0.804132
0.418342
3.40779
3.15687
-0.165091
-0.83056
0.592448
0.657408
1.67124
1.45917
1.39749
1.11889
0.850555
0.594342
1.10154
2.25044
1.1144
0.758897
0.717324
2.83426
1.24769
0.735156
1.38256
1.92693
1.08596
1.51571
2.98141
2.45818
1.29332
-0.794784
-0.319725
0.377716
1.22286
0.692929
2.71876
2.25951
0.252096
-2.16732
0.744817
1.39641
1.55552
1.27302
0.649562
0.188983
0.682513
0.380903
-1.82302
0.129787
2.21274
0.721739
0.773579
1.88593
1.90132
1.59291
3.29823
0.85652
0.373983
-2.33593
0.988763
0.015984
-0.206595
1.80687
-0.21144
3.28281
1.22635
2.19341
-0.768369
2.61495
0.686759
0.514218
1.37795
0.297392
3.42865
1.23005
0.803303
2.3634
0.922313
1.27447
1.46276
2.78802
0.748527
1.21092
0.718801
0.730475
1.15953
0.846232
0.584095
0.984962
1.6872
0.272574
1.21609
1.73842
2.83749
-0.0672423
1.90048
2.20645
0.577356
1.37859
0.210539
0.45897
1.26078
0.65797
0.0775077
1.7393
0.797646
2.23559
0.714623
-0.411169
-1.27095
0.703486
1.05021
-2.85353
1.2506
-0.501967
1.04505
1.43081
1.73252
2.13373
-0.612974
-0.195318
2.06086
0.658372
1.57025
1.82726
0.401887
1.38854
1.35564
2.36795
0.733845
1.52205
3.07874
2.34923
1.95234
-0.257437
0.0137605
-0.343981
-0.360034
-0.027028
2.02258
2.40299
2.38039
1.23219
1.09039
1.33881
2.14216
0.249276
2.16148
2.2514
-0.653023
1.88591
-0.56711
1.55474
-1.13172
0.201465
0.520561
0.893494
-0.155842
0.816798
0.189739
1.83491
-0.27844
-0.0577041
3.17307
2.19144
1.08619
1.22747
0.920458
0.625908
1.98025
1.8282
1.71191
0.601578
0.0847618
-1.36104
-0.359215
1.22488
1.72378
1.96571
0.891592
-2.49027
-0.0816906
-0.274271
0.190369
1.80892
3.4499
2.77479
2.26958
0.651979
2.8942
1.28624
0.703837
0.954339
-0.768968
1.50501
0.0731087
-0.803368
0.509717
1.23038
-0.0189846
-0.781823
0.903344
2.11969
0.582299
-0.98331
1.86107
1.19578
0.683946
3.28403
2.51021
0.258142
2.13115
-0.266017
-0.143435
1.76932
0.918674
1.25439
1.7456
0.749908
-0.190453
1.31567
-0.550727
-0.286114
0.0463843
2.25665
1.99733
2.57097
0.726453
-0.15764
1.56807
1.73738
0.537502
1.50689
1.43221
0.862148
-1.23345
0.977071
1.74068
2.26073
1.89386
0.65619
1.24584
1.94019
-0.294527
3.64676
1.54829
2.22807
-0.133548
1.00312
0.787305
0.54887
2.09094
0.119893
1.52111
0.358451
0.611768
0.443814
1.19472
1.63427
0.936001
1.79547
-0.661938
1.62739
2.0588
1.15495
2.2603
1.7157
1.81848
0.472493
2.23682
-1.88495
1.65964
0.668658
1.77601
1.47205
1.19722
0.269302
0.569947
1.4845
0.399931
2.33475
-0.56611
0.877094
0.621654
2.05786
1.65271
0.520488
1.11357
-0.415144
0.351745
1.8231
0.980392
3.1972
0.260652
1.35265
1.06742
-0.690268
-0.230663
1.74288
0.212107
0.457066
1.2905
1.62998
1.3031
1.03798
1.0382
1.89704
1.69827
0.0148442
0.927436
0.1731
0.0267884
-0.236076
3.30264
1.57545
2.16963
1.27188
0.537211
1.76052
2.19349
2.95671
1.0501
0.767029
0.42682
0.560516
0.450793
1.95676
2.54247
3.1815
0.934078
1.55564
-1.10791
-0.0724644
0.303216
1.37062
1.09869
1.36018
-0.408431
1.18772
1.43282
0.969485
-0.312073
1.53728
0.396857
2.81488
0.581136
0.6508
1.42539
2.8206
0.339226
2.07242
3.15234
1.2615
0.783403
1.85551
1.43618
1.62479
1.38847
0.749754
1.0438
1.70924
1.94278
2.28888
0.167491
-0.990886
2.65447
0.182177
0.146085
2.19111
-0.12642
0.605461
-0.866233
0.606939
-0.344383
0.995932
1.30048
2.51329
0.087668
0.229664
0.524474
-0.470158
1.26031
0.744233
0.499405
1.219
1.40419
0.79373
-1.09834
0.71587
2.54328
-0.590947
2.7242
0.758871
-1.17152
1.63219
2.55681
0.315629
0.264488
-0.243867
2.86727
1.18385
0.450359
-1.23644
1.06808
1.75231
0.588999
1.96415
-0.200707
0.659441
-1.49055
0.154797
-0.352591
0.810626
0.0382096
2.50371
0.150499
0.345425
1.19194
0.58002
0.842835
1.38746
1.08333
1.57113
1.41351
2.58582
1.71316
1.97059
1.32054
-0.316373
-0.165832
0.620634
0.655647
1.41217
2.32062
2.48442
1.08944
1.96152
3.04649
2.30707
0.373329
1.99397
1.0385
2.18515
0.143493
1.09984
0.738824
2.74602
0.0676861
1.44609
0.847646
2.64662
-0.34804
2.92684
2.96974
1.90481
0.488433
1.06392
1.1713
1.36854
1.3345
1.86903
0.635807
3.14776
2.42302
2.79492
-0.751052
1.61267
0.691047
0.237571
-0.0365817
-0.30082
0.0378068
-0.231368
1.16756
1.25372
1.08445
0.707475
1.43381
3.0644
-0.41475
0.333444
0.84135
1.47608
0.0984005
1.18361
1.01598
0.705488
2.87392
1.66501
1.35586
-0.00922266
-0.423761
0.481167
0.900245
2.06393
1.19345
0.136935
2.53042
-0.863915
-0.919942
1.12465
-0.0347635
0.357833
-0.57846
1.48946
1.50425
0.906408
0.501452
0.824066
1.78718
1.50264
0.534538
1.02421
-0.700078
0.380798
0.610164
1.19284
2.1757
-0.0924796
1.11153
0.133567
1.00041
0.806882
-0.0460078
0.156067
-0.821139
0.624963
2.47787
1.61285
1.71665
0.631788
1.69134
0.880611
1.78108
0.16735
-0.361255
2.56179
1.15871
-0.587795
2.3955
1.50953
3.06922
0.908208
0.613426
0.557085
1.9031
-0.623505
0.325279
0.546398
-0.00859805
0.765584
2.43028
0.792701
2.5718
2.67442
3.92329
0.907156
-0.249358
0.999946
-1.88603
0.463578
1.79091
2.0305
0.874965
1.16561
-0.0208362
0.916785
0.418121
2.62178
2.73081
1.91003
0.277616
2.54456
0.688631
1.30779
0.451243
1.31115
1.62587
0.332391
0.484946
0.376691
2.46826
-0.462084
-0.112695
1.59616
-0.124501
0.813768
0.5469
2.1535
0.433981
0.782355
2.33043
0.586582
-0.815487
0.397872
-0.732379
0.456882
1.15498
1.78454
0.658213
0.880045
0.909006
0.995276
1.13843
-1.13014
1.02243
0.168154
1.93528
2.73853
1.18573
1.14315
1.55301
2.30604
0.218849
1.8725
1.2611
2.75136
1.43517
1.00921
1.77716
1.94278
-0.526745
0.969428
0.976451
0.781102
0.116305
3.01089
-0.95171
0.690754
-0.349306
1.32819
1.02555
0.669873
0.717978
3.28494
0.459046
0.229663
0.302742
1.85584
1.01713
1.61517
0.70242
0.296874
1.77398
0.894576
0.459867
-0.391367
1.65126
1.15983
0.088655
-0.0840949
0.334295
0.626193
1.86454
1.34939
1.049
0.640275
1.52037
1.29386
0.1725
-0.809171
0.734355
-0.327516
-1.54441
0.417265
0.718908
0.304519
1.64978
0.870904
0.196756
2.08043
-0.365242
0.870045
1.09685
1.37851
1.33126
0.312798
1.18302
1.02642
0.782008
2.03866
1.56947
0.274902
-0.397258
0.0337308
-0.723966
1.25405
1.62547
-1.113
-0.265466
2.64785
1.42767
-0.646862
0.393892
2.90269
1.7812
-0.637812
2.7804
0.37502
0.962332
1.15712
0.987969
0.416156
0.163498
1.14168
-0.106362
0.771468
0.446584
0.328699
0.632455
1.2978
0.790727
2.06127
2.66482
0.947909
1.73896
1.07362
1.61947
0.477579
1.70841
0.172569
1.10538
2.05518
1.58101
1.2253
0.528336
1.4183
0.812136
-0.288193
-0.072497
-0.808034
0.211757
3.50038
0.281676
0.000622905
0.732403
2.29651
1.42825
1.67818
2.51649
1.86414
0.460168
0.0315603
1.59668
0.948329
1.93814
0.674293
2.55425
1.65061
2.77045
-0.177673
2.44051
2.03165
1.15236
1.76786
1.65561
2.59206
1.32069
0.967358
1.36585
0.0410993
2.02323
2.33892
1.32647
0.455675
0.207374
0.42009
1.83461
0.383157
1.49154
1.56084
3.50573
2.13516
-0.387278
0.79728
1.43654
0.3987
2.1166
-0.455031
1.46885
0.352275
0.916669
1.87152
1.95355
-0.444407
0.84084
-0.547315
1.46269
0.971092
0.305303
0.421729
-0.310872
0.572431
1.29841
0.435141
-1.32321
0.797356
1.3043
0.0937202
0.972183
2.39542
2.09641
0.976665
2.12359
1.13107
-0.704867
1.02407
1.40138
1.26231
0.780029
-2.21484
1.54462
-1.23868
-0.56116
0.161887
0.453746
0.817594
1.85937
1.07225
0.233127
2.27743
0.586588
-0.18821
-0.274136
-0.841613
-1.07339
0.206004
1.17141
1.17263
2.46316
0.0418937
0.605477
0.976032
1.63357
0.573262
0.996395
1.15537
2.16566
0.972405
-0.1368
0.482304
0.916334
0.253439
0.915733
1.29826
1.60607
0.042404
1.35691
-0.0320961
1.3701
-0.512715
2.01029
1.28507
1.94539
0.541693
0.245421
-0.406823
1.78483
1.32058
2.91085
-0.28543
2.91304
1.90242
0.162039
1.93852
0.513829
0.4942
0.0688033
1.91663
0.918303
0.557905
0.821233
2.50478
1.97718
0.0279584
1.10472
-1.06033
3.31513
0.854159
1.30233
0.0412828
2.90294
2.26391
2.07861
0.884799
0.891273
0.818484
1.17026
0.377585
1.26358
0.680406
0.844346
-0.551004
0.0998796
0.975863
0.596715
-0.434963
0.576143
1.24825
2.4815
1.19015
1.27005
-0.562092
0.58234
2.25822
1.55707
1.85219
0.42402
1.89395
0.439301
0.724311
-0.290778
2.53318
1.09383
2.71374
2.47044
-0.18293
0.414258
2.19254
-0.607542
0.287209
0.477873
2.39892
-0.280986
0.622524
0.286333
1.96679
2.44021
1.9661
1.10872
1.93997
1.8286
1.51498
2.15544
2.02416
1.50245
0.795782
-0.0697887
0.900218
0.652072
1.57932
1.55242
2.83
1.38159
3.04961
1.52608
-1.31211
-0.476174
0.159367
1.61237
1.05617
2.64305
0.189028
0.987376
2.42967
0.104234
1.23418
1.81543
0.399877
0.780552
0.994443
1.20462
0.610288
0.616555
0.39964
-0.370589
3.02053
1.17829
0.262038
0.493524
2.71766
0.967303
-0.761137
1.28505
0.574622
-1.16488
0.13374
-0.289279
1.5946
0.827832
2.04842
2.0403
0.0408287
0.673953
0.485108
0.241066
0.909867
0.111212
-2.66504
0.666659
1.39681
1.25244
0.995697
0.176444
1.34387
1.49795
0.482366
0.109096
1.02319
1.55951
-0.361228
0.777062
-1.34461
1.89421
0.819775
1.58869
-0.0979247
1.18183
1.31945
0.905562
1.03121
1.7359
1.15758
1.74219
-0.948104
0.446782
2.10501
1.43514
0.719496
0.60409
2.34326
1.13004
-0.512012
0.878739
1.7496
0.334332
0.922693
1.26043
1.16316
0.516278
2.49697
1.57173
2.35699
1.18923
0.546477
2.58211
1.28313
0.963406
1.37001
0.960833
-0.719957
2.64694
2.08208
1.47149
0.892305
1.8922
0.316785
1.55346
1.01179
1.6863
0.512882
1.59564
2.92474
0.406651
-0.0161912
1.45972
1.74821
1.10194
0.471108
3.04859
1.61377
0.197537
1.115
0.0245358
1.02171
1.32186
0.97743
1.11448
2.65798
-0.256783
1.0679
2.01682
1.66006
-0.525796
2.85477
-0.29288
2.32963
1.68352
0.728579
0.943913
0.774511
0.45354
1.61873
0.495068
-0.0979848
2.30824
0.00851765
2.26409
0.314328
1.50888
1.72021
1.60066
-0.314687
1.95576
1.38613
1.26357
0.130419
0.284055
3.65515
0.425125
-0.964938
2.18008
0.430595
-0.866121
0.43285
0.404048
1.52938
0.383629
-0.204638
1.74511
-0.906091
2.37342
2.32683
0.503773
1.3963
0.931222
0.403675
2.34759
1.92471
1.55138
0.823697
1.08245
0.165877
1.51069
1.70525
1.41556
-0.00547669
0.551974
-1.31549
2.12623
1.09934
-0.00102943
0.261929
1.23951
1.13975
1.31219
0.677498
1.91605
2.15685
0.8964
0.575041
4.3989
1.37391
1.27866
1.05184
1.72976
0.746761
1.8641
0.900451
1.92818
2.95361
2.40956
0.171779
1.63664
1.8868
2.84434
2.2314
-0.0332477
2.08572
0.942956
0.547354
-0.37151
0.437916
-1.17518
2.5627
2.12542
2.04317
2.18272
-0.172915
0.252755
1.08962
1.80116
1.92651
0.652359
0.269907
-0.705106
-0.830942
0.847814
-0.337093
2.03833
0.44951
-0.996791
2.00534
2.19798
-1.32413
2.18284
2.16474
1.48797
0.780887
2.15412
2.70411
1.42592
0.688513
1.07094
2.84343
-0.372483
1.70106
0.283685
2.16323
-0.644825
1.68722
0.939728
2.87643
-1.32677
2.07732
1.34988
1.42093
0.343818
0.240744
0.714701
1.16867
1.47979
2.28561
2.38647
0.099966
3.15148
0.304242
-0.245793
1.44471
1.14937
-0.0396622
1.34212
1.2317
2.68315
0.513391
0.335523
1.71184
0.229723
-1.7045
-0.238041
0.517204
0.740644
3.46889
1.56413
1.61293
-0.143445
-2.48249
1.6974
1.70157
1.33266
2.97196
0.718338
1.05602
1.82915
1.39991
0.355067
0.218115
2.52274
1.077
0.361964
2.20499
2.56008
1.18312
0.32758
-0.534406
2.06159
-0.870227
0.23689
2.67537
0.748897
2.39705
1.58585
1.00529
-0.144898
0.169597
0.336489
-0.104676
3.46821
1.34439
1.88468
0.404992
0.781452
2.25616
-0.135994
-0.0706236
1.14284
0.668247
1.80783
-0.0460442
1.76136
1.64212
1.75623
1.2571
1.99902
1.65089
-0.144621
1.33329
0.412185
0.221707
1.52419
2.83746
2.14197
0.907716
1.59543
0.541278
2.61222
1.52896
-0.798106
0.710038
-0.280534
1.29838
2.3563
0.193563
-0.319154
0.73778
0.00487483
1.58277
-0.691679
1.83104
1.90481
1.18454
0.0828723
2.38789
2.79545
0.82358
2.07865
0.360947
0.956416
-1.49122
2.84263
1.41984
2.10417
-0.377021
2.70904
0.778081
-0.21406
0.766772
-0.600523
0.676823
-0.808579
1.28108
5.07882
0.643784
1.83172
0.6405
0.674484
-0.430479
0.656182
0.325529
1.34972
1.26926
2.79038
2.12325
-0.435266
-1.60225
3.38289
0.798729
1.44862
1.71911
2.52925
0.987397
1.19143
0.856158
1.39876
2.55786
0.804135
0.152789
-0.447205
1.62622
0.431025
1.23489
1.32884
1.75206
0.319018
1.7622
1.02139
1.52864
1.19882
1.90529
-0.323779
-1.09525
1.88549
0.520675
0.119357
2.53399
1.51434
1.09223
0.970183
-0.154838
1.27341
1.44681
1.40476
0.897028
-0.530914
0.0715595
-0.0131324
0.810284
0.288165
1.46015
1.27902
0.350758
1.07281
2.20432
1.99813
1.96369
1.82399
0.393456
1.4024
0.907415
1.05312
2.17263
0.625179
0.481557
0.322613
2.04232
0.751887
1.15101
1.16394
-0.378986
0.177365
0.202466
3.23555
0.350296
1.26135
2.65702
1.5559
3.58656
-1.04632
1.98292
1.10854
2.58695
1.97772
1.10978
0.414108
1.43713
0.855315
2.26269
-1.39886
1.0913
0.492343
-0.7593
0.750744
1.37491
-0.317841
-0.138582
0.625748
0.593137
0.82059
0.459691
1.99455
1.14259
0.633011
0.872271
-0.0798201
1.12671
3.19523
0.903868
2.72791
0.624742
0.343247
0.74944
2.59792
2.43425
2.28223
-0.773263
1.72999
0.21237
1.61723
1.29629
1.71967
1.14182
0.265553
1.58147
0.609124
1.20511
0.221858
-1.45389
1.78259
0.532223
-0.298587
0.83043
-0.625015
2.74223
-1.18675
2.10224
0.391841
1.05759
1.40742
1.55064
1.52017
1.1468
2.17036
0.122964
2.00083
1.33921
1.29136
1.54392
1.58186
1.5501
1.769
0.56469
-0.594194
1.38148
2.25457
1.89193
1.3875
1.39158
2.38169
0.977317
2.15519
0.425232
-0.00227863
0.676092
1.60985
0.920167
1.29944
2.82825
1.70438
-0.627165
1.34321
0.550433
-0.439326
1.25751
-0.898176
0.221887
2.12132
2.38457
1.84264
2.03923
0.775335
0.536989
-0.232014
2.5088
0.171429
2.48731
1.06337
0.860964
0.30093
0.462717
-0.186477
0.175294
1.78673
-0.163696
-0.594106
0.158428
1.87409
1.84327
0.326722
-0.220568
0.396246
0.603078
-0.626309
1.98968
2.34642
0.707094
0.582841
1.09742
0.0695456
0.350512
1.33352
1.63239
1.11053
0.959143
0.0281705
1.0536
0.490108
1.41293
3.06699
0.480779
2.59439
-1.60694
1.29364
1.59761
0.248975
-0.23239
0.442519
1.22046
-0.0571269
-0.676419
1.26025
3.10891
0.183967
2.44186
1.43541
0.739126
0.86067
0.0535527
1.24197
-0.382393
-0.142914
2.68842
1.9425
0.915916
0.384656
2.54497
0.29276
2.19368
1.75871
1.47526
1.72164
0.75077
1.3301
1.96337
0.425153
1.76688
-0.0437488
0.884532
-0.235373
0.334519
1.00717
-0.10979
0.909941
0.950469
0.865089
2.03022
-1.209
1.98586
0.802298
1.26745
0.404538
1.31549
1.14787
1.55422
2.161
1.48881
1.67678
1.66623
-1.39006
1.30356
0.680587
1.56987
2.55474
0.281817
1.14343
0.419194
0.659862
0.821162
2.03872
1.51003
-0.610971
-1.02721
1.39878
-1.28638
4.06082
0.838989
1.34586
1.04311
2.49614
1.68325
1.18602
-1.64672
0.211027
1.64751
2.87011
0.890309
0.154446
2.28339
0.654402
1.2456
0.62523
-0.326162
2.07484
1.00127
3.12661
-0.894559
0.635703
1.96652
2.0601
-0.880079
2.45797
3.1767
3.57437
0.713788
0.161672
-0.67148
1.84441
-0.386936
1.92712
1.5631
0.792983
1.25805
2.28856
1.28586
-0.170955
-0.461456
0.0797335
0.155917
1.16297
1.31004
-0.150821
1.02978
1.95572
0.795825
1.25008
0.252705
-0.0741049
1.05794
0.672022
0.971905
0.8321
0.619901
0.127372
-0.428158
-0.409883
1.20614
0.6389
1.44089
0.45128
0.185197
0.843278
0.238272
1.31137
0.404342
1.36952
0.390737
0.567416
1.29687
-0.314181
0.700801
0.0386794
0.0619329
0.890238
2.2221
-0.959706
-0.336525
0.426828
2.28226
0.88492
2.40918
1.0354
1.16403
1.32031
0.290131
0.00840186
0.176008
2.96242
0.00822131
0.949978
2.80832
0.888309
3.19381
1.24602
0.591716
1.17391
0.421196
2.11283
1.6179
1.48009
0.806295
1.16207
-1.09302
1.63842
0.201057
-0.253548
1.58557
0.197306
1.50021
0.773411
1.36009
0.998335
0.0533071
1.20235
-0.151726
0.996892
1.50221
2.00323
0.405975
1.07447
1.77914
1.85322
2.63232
-0.644735
0.557285
-0.397838
0.10876
-1.10897
0.033657
0.679234
0.336676
1.66966
1.71698
2.08919
1.68271
0.168963
0.25864
0.272783
0.780167
1.80457
2.17631
1.93896
0.237217
-0.193661
0.845913
2.47197
0.478996
0.0477853
0.929608
1.05005
0.70165
2.37991
0.640844
2.17457
1.78729
-0.587555
-0.182717
2.11907
1.64228
0.43061
1.19552
0.376361
0.206786
1.11603
1.22177
2.84448
2.68214
1.04001
1.62091
0.590104
1.94563
2.76999
0.302764
1.48232
1.02786
0.930565
1.35898
1.23483
-0.130677
0.178853
1.99549
0.117725
1.52533
1.84038
1.22516
1.68718
0.606517
1.38058
2.1125
0.159371
0.25831
1.95541
1.32206
1.73335
4.17155
0.854376
1.99218
0.504522
3.07031
1.21323
1.97111
3.30729
-0.010739
0.0491763
2.23269
0.880354
1.59651
2.39153
0.327653
0.854906
1.28677
1.092
1.52791
2.97388
-0.532756
0.791976
1.66788
0.435245
0.60465
-0.987033
0.879944
1.59358
1.05145
0.943471
1.59879
1.64033
1.43012
-0.183949
0.72045
0.545737
0.172159
1.15513
0.832767
1.37636
1.20755
2.07427
-1.02556
2.55159
0.550631
1.71732
0.482987
-0.171942
1.67109
1.42353
1.99938
2.7167
0.091064
1.30806
1.59813
2.2093
2.10952
1.12273
2.48193
1.7193
1.00797
-0.331125
-0.529069
0.487739
1.89674
0.430647
0.944746
-0.0177317
0.227311
1.06328
0.567948
1.18922
2.47523
0.801066
1.78591
0.281947
0.0971294
-0.931531
1.57079
0.83564
0.0148664
0.869332
1.72239
1.77707
1.02663
-0.703929
1.37149
1.01714
2.00196
1.40418
0.655935
1.50232
0.0510857
2.14688
0.8013
0.0401406
2.18359
0.68778
2.34759
-0.37586
1.28368
1.64021
-0.925849
0.738071
1.10238
1.88521
1.49691
0.58169
1.02499
0.185166
1.39288
2.18011
0.926979
1.82418
0.890171
2.31551
1.33928
1.26654
1.40118
0.364554
2.33386
1.3162
0.343417
0.213601
-0.79416
2.21271
0.384769
-0.33353
1.94081
2.99604
0.284383
1.73573
1.40117
1.80146
1.52277
0.0365091
0.671856
0.376907
0.474523
1.0694
1.44736
1.10319
1.61487
-0.134444
1.24696
1.57396
-0.796375
1.121
-0.178969
2.13235
0.794837
2.12609
0.466061
1.06926
0.729133
-0.0921835
1.43979
0.866684
-0.666005
1.1593
0.312994
-0.0783614
0.354023
0.475134
0.732522
0.385196
1.3236
1.87983
0.465943
0.6437
1.20438
1.5734
0.428606
1.6734
1.20388
1.1573
2.67068
0.694057
1.39489
1.77522
0.65668
0.644843
0.622568
-0.137259
0.399439
1.67104
0.741965
-0.621638
1.81638
1.52501
1.33373
2.34226
0.179588
-1.54329
-0.187122
1.61328
0.943428
1.89639
1.27577
1.68416
1.58715
0.600746
0.682827
0.692152
4.01917
0.708296
3.398
3.49645
1.37738
0.971283
0.290702
1.79329
1.60322
-1.03829
0.828694
0.873103
-0.97353
0.588987
0.642345
1.21863
1.84524
1.39153
2.38499
1.20579
0.257793
-0.756729
2.31581
1.5265
1.09084
2.0333
0.651222
1.39697
1.72805
2.79679
2.44183
1.68827
-0.379029
2.17217
1.24642
0.199976
-0.690723
2.71722
-0.779302
0.442342
2.44494
-1.05689
0.0860157
2.20597
-0.494711
2.92538
0.514471
1.56226
0.694024
0.780401
0.145646
0.620736
0.260609
0.161592
1.41011
0.173361
-0.363098
1.18036
1.19652
-0.485428
0.505151
1.1627
2.31764
-0.72492
0.964397
3.25203
2.49963
0.0807012
1.93297
1.32215
1.94299
0.473631
1.59881
0.736964
3.76395
1.9988
0.311864
1.58087
0.872921
1.68494
0.509181
2.10991
1.71895
0.409211
0.657096
3.94915
0.873827
1.01635
1.44084
-0.0141421
2.08604
0.422408
0.932556
-0.17566
3.10056
1.70235
1.98956
0.515881
0.210576
0.979696
-0.693072
0.868881
1.97162
1.56817
1.48
1.18456
1.90593
2.29432
0.000981423
-0.56975
-0.0704427
1.91461
-0.163242
1.52662
-0.0311532
1.30231
1.19605
0.841778
1.95594
0.0511922
-0.395496
-0.0780353
0.804641
1.51031
1.54344
-0.549643
0.893304
-0.76093
2.10496
1.10999
2.63581
0.0930874
0.869836
0.876429
3.27103
1.3441
0.968925
0.495952
0.291311
-0.210492
1.12345
1.3891
0.711845
0.996954
2.4004
1.9669
1.04702
1.03237
1.43532
1.27862
1.0864
1.50706
0.355719
1.03803
-0.253571
-0.524969
1.9757
0.706922
0.276809
2.80376
1.50384
1.87134
-0.284133
1.8659
0.792042
1.9847
-1.16695
0.427678
1.19764
0.793858
1.19156
2.61977
1.05637
0.853429
1.74943
2.68164
2.90636
0.475271
2.37025
1.28496
0.439008
1.51404
0.348316
2.07054
0.155357
0.814526
2.26389
0.105125
2.74778
-0.991422
0.72389
0.448966
1.29568
1.12238
0.899276
1.1286
1.63681
-0.0360488
2.62971
-0.440353
2.38749
0.362471
3.13416
2.86978
1.57824
-0.416931
0.458575
-0.132754
1.12538
1.57546
0.862859
-0.334032
0.806821
1.61503
2.08821
0.0739197
1.15732
1.27594
2.00399
1.16753
0.788697
-0.280672
1.15177
2.35202
1.08247
1.34628
0.703554
1.54246
0.245689
1.01695
1.75426
0.413957
0.559794
1.13506
1.33825
-0.231187
1.53722
2.33452
0.91167
0.319258
-0.49226
0.204292
2.42583
2.17749
2.38491
0.00959746
0.437194
0.150627
0.0687656
1.07348
0.929723
-0.142623
1.1386
-0.374686
1.91283
-0.495093
-0.547034
0.930444
1.80532
0.58586
-1.2703
0.248944
-1.06019
0.471917
1.53893
0.145784
1.12463
0.838866
2.20511
-0.32407
3.06731
0.21009
2.59399
2.53459
1.55688
1.70819
-0.177834
1.4677
-0.0660369
-0.855961
2.96931
-0.0173766
-0.0689414
1.21182
3.18741
0.454927
-1.059
2.66183
0.265528
0.241307
1.4717
1.6362
1.21488
1.05951
0.853419
1.47439
1.25325
1.49688
-0.10954
1.43374
1.04496
1.05834
1.73575
0.711395
0.94387
1.24076
2.48679
-0.0459307
4.16725
0.595015
-0.847561
0.497748
1.45607
2.72918
1.96953
1.02196
1.98865
2.78636
1.10178
0.550346
1.9165
1.08374
2.08161
2.25473
0.60563
0.905615
2.13247
0.201876
0.506635
2.35148
0.480787
0.566561
1.60116
-0.077758
-0.0647282
2.75952
1.5233
-1.13738
-0.193349
1.34686
1.23602
1.44102
0.0465618
0.654311
1.42533
2.57698
0.377549
2.68649
2.90651
0.326856
1.03263
0.877012
1.11633
0.583973
1.52544
-0.69382
0.259836
-0.581164
0.862575
0.884735
0.690134
0.965197
3.09325
0.298172
0.409007
0.419085
1.77821
1.63576
0.738577
1.08509
-0.161137
1.03726
0.283376
1.55035
-0.581307
1.31743
1.01424
1.39962
1.63363
-0.160992
-0.295857
-0.148067
1.18309
1.01484
3.00603
2.93827
1.38385
1.26606
1.94078
0.332619
0.0317346
2.61211
-0.480064
1.66581
1.67537
0.794718
1.36361
0.619357
0.937212
1.94592
1.01885
2.45449
1.13956
0.70193
0.824855
0.835083
1.82884
2.36034
1.40106
0.537317
2.55636
0.34553
2.04766
0.923493
0.984271
0.0333167
1.63548
-0.0810215
2.19236
1.23975
2.53837
1.85873
-1.92704
-1.49321
2.25564
0.694387
1.52273
1.52589
1.34159
-2.29198
0.960946
0.496282
0.196449
0.232503
0.921675
0.55205
0.936715
1.77026
2.87434
0.396955
0.747889
1.64022
1.37832
1.28089
0.351472
2.90622
-0.173663
-0.874321
1.09674
0.387107
2.2225
-0.405519
-1.40856
0.206973
0.46467
2.21307
0.185828
-0.0677951
0.519597
1.31276
1.57622
-1.33224
-0.373466
1.30503
1.70209
1.08447
1.14799
1.25291
0.878403
0.139568
1.35633
0.664574
1.1989
2.20081
2.01097
0.320347
-0.105584
1.38631
-0.344416
0.394081
0.664888
-0.548675
0.246568
0.690078
-0.64462
0.350291
1.36052
1.41954
0.0350735
-0.072337
-0.240614
2.0638
0.723514
1.67145
1.83204
1.25201
1.01149
0.445141
0.259254
0.631065
-0.0161421
0.09843
-1.57774
1.6379
0.796086
1.06042
0.322644
1.90802
-0.998413
3.79519
0.638565
0.826507
2.87023
0.525836
-0.264664
-0.440974
0.0827971
1.07151
1.18712
0.707037
2.1474
0.833769
2.2794
1.0726
1.03836
0.757074
0.734878
2.45432
1.08807
2.4949
2.1128
2.33698
2.59066
1.57207
0.420369
1.8881
1.11713
0.701083
-0.645722
0.0656429
1.62645
2.25656
0.543629
0.754829
2.12758
1.50634
0.51419
1.37279
2.16182
1.84687
0.42368
0.155568
0.472963
0.774752
1.58978
2.0432
-0.0658412
2.37157
-0.490072
1.33444
0.920354
-0.0762813
1.26666
1.94555
1.96581
0.523022
3.3901
1.41726
1.07734
0.518343
1.61333
-0.179294
1.69166
-0.563147
-0.0656658
0.129869
0.694981
-0.0688583
1.59974
2.38514
2.08755
1.42107
1.30324
1.28182
0.562072
2.16854
2.17583
1.34026
-0.319164
1.72619
0.614504
2.72521
0.671961
1.5325
0.747027
2.49491
1.44816
2.40982
1.43601
1.59805
0.261884
2.68875
0.0506591
-0.470753
2.85448
0.403087
1.48724
1.06704
2.18127
0.0443966
2.19525
0.455125
1.27261
2.03215
1.1832
-0.272374
0.57285
1.70678
1.3494
-1.06015
0.947072
1.14146
-0.386515
1.4614
-0.359709
1.9134
0.278808
0.692033
1.07176
1.33265
2.3281
0.335515
0.0233111
1.30848
1.95187
-1.05342
-0.738895
1.53372
0.477749
1.05277
3.78798
1.29759
1.96093
2.00385
1.99701
1.31708
0.537154
2.09544
1.19232
0.974695
2.50208
1.62962
2.39905
0.235269
1.44362
2.31429
1.88159
0.917955
0.645634
1.34952
0.747539
-0.165262
-0.157631
-1.11633
-0.520871
0.610505
0.73717
-0.549321
1.4001
0.787808
0.148477
0.8036
2.17556
1.05428
1.58211
1.34088
1.84518
-0.205429
0.96521
1.31834
0.981711
0.146063
0.895202
2.35682
0.977919
1.39496
-0.50984
2.09302
2.03007
0.442995
1.84132
3.11966
0.0024535
-0.913343
2.02422
-0.20654
0.922204
-0.922931
0.0335773
1.36034
0.528299
1.18165
1.59575
-0.0233507
2.05728
1.76691
1.53394
2.07171
1.92462
2.02515
1.8247
0.657493
0.827809
2.40779
1.43124
0.941714
2.25211
2.66204
0.874065
0.441689
1.30831
0.466734
-0.17119
1.36897
0.0162844
-0.0928834
-1.40781
0.644741
0.156385
2.67812
0.464664
0.180488
2.06304
0.931659
0.900535
1.55643
0.416413
0.285705
0.909439
1.89863
0.164681
2.39789
-0.555366
0.758086
1.9752
2.34918
0.804472
-0.0729122
3.13057
-0.184983
-0.0406789
1.15591
1.58401
0.76574
0.539129
0.126836
1.8803
0.379105
0.677081
-2.43374
0.419028
2.84927
1.68478
0.902585
0.416001
0.204324
0.729728
1.22787
0.981512
2.62528
1.2336
0.169243
1.10364
0.573005
1.03531
1.72443
1.82488
0.0712064
0.613479
0.401998
1.03182
1.13166
1.4965
2.01819
0.714398
2.43681
0.336986
0.202179
1.01656
0.721293
0.755182
-0.614589
0.978503
1.7664
2.65464
1.23953
1.49055
0.813614
1.57475
0.698192
-1.22502
1.23408
3.33375
1.25873
1.15291
1.29612
1.59638
2.78941
1.71876
1.05298
0.805873
1.58922
1.89859
0.0935271
0.11602
1.13138
1.61326
-0.42274
1.00392
1.18914
-0.367908
2.09653
2.02775
0.963663
-0.237819
-1.56753
3.58877
0.957567
1.33697
-0.187037
0.363173
1.74594
0.303099
1.31037
-0.189483
0.56388
-0.496875
0.840559
0.447276
1.41803
1.31165
0.000171602
-1.21798
0.429142
0.911798
1.18405
0.92927
1.08425
0.47977
1.94773
0.922622
1.88321
2.09995
1.1189
0.834472
1.59427
0.267879
0.731726
2.13593
0.295889
1.0605
0.645831
1.44159
1.32837
1.05916
3.51113
1.75049
0.0302172
0.00745966
0.284445
2.44666
-0.455673
-0.465332
1.65823
1.52732
-0.529581
1.85915
2.16047
-0.430121
1.59713
-0.595916
1.84031
2.15419
-0.53843
1.8025
0.421364
1.33549
2.74591
2.26179
1.04039
0.992462
1.74715
0.687214
1.61194
0.887877
0.853667
1.54096
1.54822
1.46372
-0.836171
1.32947
2.66882
0.20879
-0.32775
0.535866
0.903581
0.938771
3.21623
2.50634
-0.224805
0.408666
2.29989
1.52464
0.677322
0.723719
-0.0414592
0.174511
-0.15526
0.728325
0.662559
-1.04727
-0.800706
0.463484
0.675743
0.169813
2.14256
1.68584
1.01631
-1.8756
0.906293
3.03011
0.937832
-0.336727
2.11106
3.21005
2.30111
0.113452
1.96795
0.840058
-1.86689
1.87029
1.41047
-0.470289
0.394778
0.812959
1.27327
1.84191
1.79822
1.04236
-0.0919224
0.12074
1.94759
2.16319
0.937105
0.579173
1.48508
2.6683
0.287899
0.159398
-0.282399
2.33861
1.24196
0.332007
1.84703
0.678792
0.111841
0.823085
0.994243
0.827406
1.11452
0.242116
-0.204109
-0.542087
-0.341714
0.78085
2.1595
2.94714
1.68391
1.38645
1.4163
1.63158
0.188484
0.298007
2.00243
0.360227
1.67908
1.51476
0.831462
0.711251
1.24642
0.0881396
0.904167
2.32542
-0.397563
-0.640134
-0.207297
-0.226473
0.850637
1.49001
0.452728
0.242002
1.26604
1.45539
2.24129
0.0454055
1.98783
0.157551
1.09776
0.432376
0.00542498
1.84252
0.366917
1.28295
1.88194
2.30105
0.846006
0.826623
1.13427
0.132991
0.762204
0.265278
1.38143
2.43917
1.96819
1.71936
1.69526
-0.628612
2.41446
0.157146
1.386
-0.487747
1.04923
0.641543
1.81263
1.1303
0.718293
1.68711
1.92292
0.941686
0.144211
-1.37907
1.15213
-1.11786
1.20003
1.62237
2.30646
1.62321
0.120926
0.907057
1.24298
0.287985
0.697362
0.238763
1.51905
1.57377
-0.756595
0.271084
1.12699
0.592459
0.193161
1.09569
1.68418
1.17562
2.10024
-0.202415
-0.180597
1.24991
-1.35907
0.741385
1.98084
-0.102619
-1.03638
1.01119
2.89882
2.10136
0.723717
0.77746
1.81086
-0.571025
0.0114709
2.79986
1.75837
0.104984
1.42022
0.868342
0.820479
0.216919
-0.0711435
0.513592
1.24867
1.96956
2.62212
0.656965
0.072675
2.80189
1.364
2.77968
1.22919
0.929046
1.19102
0.38667
0.388964
1.98279
2.49634
0.166314
0.38694
3.63923
-0.313585
2.42239
1.75617
0.417596
0.137572
1.29159
0.403566
-0.488906
-0.356629
1.89315
1.85219
0.673149
1.2019
1.12547
-0.27252
2.96534
0.0146977
1.8098
-0.78184
1.6942
1.35079
0.59372
-0.195919
0.0142709
0.875268
1.56898
1.47885
0.742427
0.464061
-0.0129247
1.06704
1.30088
0.505596
3.52438
1.4809
0.657361
-0.0701837
0.613387
2.00715
1.69907
1.75772
1.48868
0.491949
0.44988
1.25837
0.316662
2.00482
3.01813
0.717744
1.19786
0.199503
2.65369
1.79809
2.01699
2.1099
-0.349663
0.363831
0.404029
0.717698
-0.820817
2.71102
0.538959
1.66239
1.40545
2.88092
0.780591
1.30549
0.359146
-0.437711
2.30835
0.796724
2.007
2.13809
2.17328
2.17364
0.450732
2.25948
0.987406
2.01476
0.662659
0.863784
1.3334
1.1438
-0.321673
1.95057
0.840651
0.957601
-0.55374
0.0682058
0.556301
1.94604
3.00639
1.07198
2.50894
2.00164
-0.242978
-0.21358
0.417664
1.61751
1.75952
-0.071172
2.43625
0.693126
0.143145
0.539019
1.19946
2.44103
0.910679
0.119475
-0.399595
0.975207
0.171863
0.626004
-1.37565
0.763185
-1.28229
1.11495
1.13822
-0.697697
1.94829
-1.30101
0.271601
0.770526
2.71705
0.888207
-0.405812
0.968488
0.956451
0.84661
2.22077
0.041103
-0.94896
1.49883
1.11772
1.8645
1.54097
2.3755
1.40415
3.00219
1.7664
1.3985
0.386752
2.55285
1.60327
1.50255
1.59022
1.06658
0.292377
3.37695
0.178564
2.14308
1.14088
3.86955
1.136
2.1616
1.02871
0.45426
0.554645
0.930554
-0.0804372
0.791818
-0.0785036
0.549343
1.9417
0.612579
1.08471
2.18315
1.066
2.97165
0.668046
0.642736
2.39743
-0.196984
1.00699
1.84548
2.25032
0.66795
0.422224
0.824745
2.66262
1.75278
1.02183
2.1655
1.66223
0.10557
1.82929
0.0953521
0.99818
-0.119269
0.848425
0.0266948
-0.443919
1.37555
1.97058
0.976484
-0.6955
-1.32358
1.66992
-0.627525
-0.497179
-0.355042
1.2077
2.01923
-0.0127165
1.42123
0.241474
2.60779
2.27525
0.661732
-0.401492
2.05245
1.32758
1.61763
1.93965
0.977998
1.8318
1.89303
0.537163
0.337409
1.14935
2.31163
0.0602458
-0.809468
1.32973
1.53834
1.25663
-0.302752
1.11342
0.0147162
0.430602
0.281017
1.12973
1.12728
-0.320779
1.71381
0.620203
0.578735
1.16719
-0.35223
0.900586
1.38462
0.730074
0.612621
-0.512439
1.73007
1.22474
2.05795
0.409622
0.304976
-1.93711
0.802182
2.05766
-0.0101454
2.99669
0.818697
2.5011
0.937308
1.55312
0.896352
1.64066
0.915064
1.4742
1.18948
1.39232
-0.172653
0.0858124
2.22755
3.80351
0.172275
0.0290456
3.15356
1.69887
0.814716
1.12465
0.25865
-0.20214
1.29417
0.479693
-0.292817
1.27505
1.64716
1.34993
0.942919
2.60196
1.27289
0.258764
1.22949
0.834944
0.775885
1.76646
-0.498837
1.22438
0.507981
-0.758298
1.54411
1.40433
1.75196
-0.182292
2.13578
1.65777
0.358556
0.838039
0.76907
0.0174521
0.419365
1.15253
1.64204
1.94218
1.85425
0.942079
-0.351585
-1.29526
0.926999
0.992036
0.854557
2.02971
-0.417555
1.0948
-0.161247
0.967699
2.03333
0.00414238
2.11501
-0.460975
1.46157
0.322539
0.536015
2.02708
0.527574
1.09897
-0.258962
-0.0118911
2.08025
1.66512
0.592541
1.92514
0.837603
0.594895
0.873909
1.55632
1.79891
0.468739
-0.293631
1.87855
1.361
1.08535
0.51796
1.83496
0.312139
1.38201
0.918777
1.39686
-0.576147
0.800288
1.34246
1.51267
-0.250404
0.937762
1.59334
0.841463
1.73153
2.4494
0.411892
1.14692
2.47809
1.28602
-0.464678
2.94462
0.430461
0.227804
1.08347
0.950105
1.16826
1.12756
0.0402592
1.76149
0.978561
0.463922
-1.09818
0.210638
1.15114
-0.462944
0.879735
2.48978
2.41794
0.408942
1.05702
2.28743
2.1241
2.03486
-0.997111
1.46722
-0.396662
2.73382
-0.261562
-0.245104
0.11358
-0.0750941
0.94532
2.6686
-0.822714
1.64954
1.6167
2.538
-0.899992
0.852729
-1.48084
0.659245
1.49874
1.08693
0.47434
-0.243027
0.940744
0.725584
0.405996
1.15272
-0.375037
-0.0824209
-0.545838
1.3182
2.76179
0.331855
-0.0394878
-0.703697
1.54493
0.0902793
1.46185
-0.156943
1.54224
0.949412
0.904166
-0.137907
1.62201
1.89182
2.08489
0.851791
0.726734
0.143242
0.4173
2.04013
-0.415166
1.59748
0.551986
0.00749374
-0.176303
1.80674
0.378136
-0.641734
1.66609
1.95561
0.70033
1.8164
1.46068
1.05893
1.87621
2.05676
0.805566
2.61997
1.7332
0.673633
-1.49521
-0.240032
2.23339
2.39795
1.54989
0.576604
0.909232
0.874405
2.16572
1.28854
2.67206
1.01994
-0.24572
0.401662
1.35008
1.36178
2.57295
1.39211
1.98491
-1.12133
0.405943
2.21205
0.0087597
0.87703
1.528
1.32393
1.27853
2.09964
0.762378
2.34566
-0.274042
0.309901
0.819826
0.426594
0.647305
1.22251
-0.399641
-0.554856
1.24781
1.30234
0.692109
1.63992
0.815325
0.517963
-0.0411231
-1.24693
-0.580432
-0.637083
-0.193447
-0.213085
0.756529
0.228158
1.25725
0.637544
3.19559
1.50131
0.297375
1.68705
1.55579
1.48787
0.588018
1.43759
1.92186
1.21183
0.720291
1.34317
1.18672
1.38964
-0.302402
2.07525
1.6202
0.140725
0.112699
0.443033
1.11336
-0.337564
0.47586
1.7526
2.25428
-0.697617
2.09956
0.955213
2.378
1.17592
-0.734
2.15488
-0.773292
0.44555
1.03594
-0.623848
2.42262
0.406768
0.957422
1.60333
0.721205
1.2888
0.679016
1.94848
1.53588
2.02655
1.68272
0.140864
2.08954
-0.255845
1.97085
0.845733
0.691372
0.54816
-0.6245
1.07295
1.60422
1.15432
2.6343
1.02152
1.16198
1.68986
2.80315
-0.688845
0.818439
0.958469
0.649503
3.11529
0.974231
2.50426
-0.719861
0.469456
2.46832
0.46795
0.989459
1.03
2.26087
3.05573
1.71325
2.17185
1.08815
0.927487
2.13495
1.32597
1.30066
-0.395155
-0.334978
-1.26471
1.1988
1.01386
1.82003
1.13775
1.28154
-0.166613
2.26598
1.61879
-0.0565872
2.90929
0.00851373
1.22937
0.729332
2.11253
-0.621018
0.100269
-0.238644
0.463224
1.29729
0.332618
0.846593
0.0618035
2.49634
1.68315
0.557755
0.573614
-0.801986
2.03741
0.440497
2.40423
2.31835
1.21688
1.41439
-0.26912
-0.210951
0.220452
0.0791902
-0.387149
0.759379
1.81993
-0.656295
0.951973
1.43829
0.690763
-1.3525
-0.551166
0.678146
-0.0711436
-0.486761
-0.303462
1.09665
0.722295
3.26269
0.499015
0.824313
0.611259
1.07877
1.58858
1.41562
0.81907
1.4871
0.532706
1.80344
1.28495
1.65875
3.3918
0.323275
1.45531
0.800129
1.32915
1.03618
0.46794
2.4177
1.79293
0.672298
2.41187
0.410409
0.428052
1.77635
2.35429
0.715401
2.91205
0.624735
1.25784
0.5422
0.478112
1.51321
2.01247
0.813048
1.0947
1.63497
-0.504972
-0.299333
0.193398
1.51881
1.05604
1.96294
0.478565
2.10271
1.41225
-0.449574
1.49527
2.67624
0.166478
1.85259
0.904617
0.670259
0.00277083
2.54541
1.65933
1.66682
2.65221
-0.369449
1.59461
0.77583
0.0900295
1.09347
-0.923072
0.463542
2.63221
0.332254
1.0109
1.40806
1.74674
1.82945
-0.24869
0.231689
0.631684
0.160234
0.482892
0.600393
1.78033
0.420407
-0.484627
1.60923
-0.393411
-1.44647
2.0961
2.33392
-0.111835
1.35859
1.79229
1.12723
0.0882842
0.519442
1.44489
2.8348
0.711343
0.245304
-0.0333047
0.982682
0.367137
0.437799
0.360866
0.973748
1.67246
1.01213
0.421335
0.600752
1.08638
0.131566
2.18206
0.928216
2.19584
0.0949501
1.689
2.58357
-0.437814
-1.88973
1.18611
1.31026
1.47678
1.99679
2.00147
0.392607
1.38158
1.67555
1.83524
0.0700328
1.3578
0.309534
1.07907
-0.594457
1.39838
-0.213148
1.93613
2.65053
-0.242868
3.22029
2.42437
1.96765
-0.187354
0.135784
2.23978
1.18604
1.37945
0.510996
1.09482
0.465827
0.146876
-0.397056
-0.228677
-1.04374
1.59182
1.08807
1.95962
0.525613
2.93017
0.179749
1.28305
1.02888
-0.873191
5.2357
1.16494
1.92019
2.2312
1.40428
1.75795
2.41176
0.06387
0.845888
0.0912036
-1.07427
0.189128
0.295834
3.3301
0.875918
1.47852
1.34943
0.725549
-0.117415
0.544462
-0.552624
3.45926
0.914522
-0.207761
1.52608
0.972429
0.2578
0.849317
1.47684
0.264585
1.06915
0.494612
1.49666
-0.391545
1.85202
0.917005
2.34799
0.143438
0.137017
1.252
-0.54841
0.501562
1.98363
-0.695777
1.38307
2.01173
1.70789
0.312576
3.43824
2.19422
-1.21476
0.762657
-0.204371
0.431016
3.18564
1.27578
1.29052
1.82858
0.495788
0.532174
0.546385
-0.0134942
-0.421699
1.21605
0.917808
-0.3569
0.697649
0.198889
1.06635
0.764166
0.912779
2.1048
2.11758
1.90697
1.01803
0.659961
2.03099
1.09737
0.19794
1.15864
2.61044
0.385628
2.14782
-0.0799245
2.77944
2.23285
-0.203264
-0.0920904
-0.0268061
0.285895
1.40446
1.68407
0.987226
0.718033
0.651418
1.71707
1.72784
1.38581
2.75345
-0.569782
1.70179
-0.251365
0.6057
1.61352
1.47662
2.04608
0.494501
-0.0861238
0.229277
0.930079
-0.0537966
1.31932
0.986035
0.754269
1.75992
1.92448
1.9298
0.0520389
1.17105
1.93499
1.8109
-0.14518
1.32838
-0.0631048
1.64009
0.00493395
0.912681
1.93158
1.17597
0.71738
1.50052
1.41134
1.15702
1.23132
1.23109
-0.679217
0.127605
1.66588
2.18773
0.627395
2.18963
-0.218057
0.810696
1.62693
1.53483
1.06525
1.91313
1.41257
0.642942
1.35542
-0.251469
1.32816
1.68366
-0.408082
1.75465
0.914106
2.59105
-1.10597
2.23394
1.75359
0.737459
2.85182
0.700143
1.09908
1.29163
0.0944318
1.31408
1.98253
0.153385
2.19632
1.27037
1.2286
1.665
-0.28399
1.2957
-0.717512
-0.030227
0.970421
0.637048
1.89556
-0.644699
0.826151
0.00367762
-0.135958
1.70625
0.077145
0.270597
1.05977
0.733122
0.657226
1.90734
2.52328
0.959025
-0.398032
1.58426
0.789767
3.12359
0.952349
-0.438765
2.11954
1.7806
0.495343
1.45061
0.104731
2.44084
0.987173
-0.764202
1.80824
-0.02143
-0.439803
2.00772
-0.827368
2.60584
0.157131
0.559205
0.923205
-1.00082
1.05449
0.103113
1.41203
1.72702
-0.290145
0.281436
1.38065
-0.908972
0.607337
1.53639
0.932492
0.966849
-1.78932
2.38427
0.363886
1.35863
1.51455
0.20168
3.23465
1.13414
0.703436
1.35503
1.1187
0.149166
0.771003
2.09278
-1.20562
1.22672
-0.938552
0.628506
0.818898
0.411838
-0.234262
0.282886
1.29352
1.66367
1.40421
0.164118
1.26303
0.631096
2.76329
-0.328909
2.06221
1.76557
-0.714222
0.948331
0.145325
0.181718
-1.25237
0.707405
-0.0708185
1.63525
0.20543
2.35937
0.458693
-0.220332
-0.0634563
2.16298
0.239882
-1.12845
-0.746283
0.129521
1.72869
-0.175973
0.294582
1.54869
3.36703
0.160349
1.07526
-0.380216
1.32211
1.65741
1.15281
0.495684
0.139369
0.742381
-1.34107
1.77688
0.29967
1.94908
0.336552
1.23295
1.32618
2.50829
0.964442
1.29948
-0.258299
0.730628
1.0036
1.66766
1.24235
2.19739
1.42257
1.49549
-1.90669
1.51486
0.435423
0.80181
-0.728235
1.84791
-0.159883
0.597733
2.35023
1.64844
0.488284
1.78388
1.06633
1.20816
0.835611
1.1409
1.18977
0.202865
-0.893633
1.24079
1.10568
1.30634
1.59716
0.622962
0.216835
0.546335
1.80094
1.07363
-0.0403276
2.15771
-0.353081
-0.289637
0.55007
1.6648
0.328158
0.0380002
0.366845
0.160914
-0.886981
0.935416
0.663344
1.03909
1.35322
1.41284
1.85771
2.78209
0.65911
1.61964
1.96518
-0.404065
1.24008
0.636857
-1.15966
0.813452
0.144333
0.35632
1.08619
0.641693
3.33249
-0.204474
0.461986
0.66557
-0.35992
0.106867
1.09067
0.782807
1.21469
0.8897
0.470967
0.573975
0.921324
-0.15273
0.594947
1.27336
0.442502
0.662156
1.90184
1.07048
2.84348
1.80873
-0.443242
0.798417
0.575989
0.590601
1.38702
3.66016
0.960659
-1.35055
-0.0639433
1.08472
-1.37712
1.53259
1.2966
-0.326007
0.0819496
0.972616
1.70057
1.13113
1.72713
0.483945
2.40677
1.43491
1.64203
1.15838
-0.138552
-1.24252
0.34333
2.85469
0.539768
1.6851
1.12274
1.48353
0.671559
1.74712
3.03261
0.548545
1.67839
3.56452
1.83587
0.620299
1.32148
0.481502
1.77078
0.701842
0.928647
1.29294
0.249128
1.3557
1.25354
1.4533
0.425066
0.868834
1.55601
0.323548
-0.220288
1.10669
1.93668
1.3198
-0.0656601
2.08415
1.84537
1.14934
-0.464625
0.239831
0.166524
1.64184
1.49109
-0.727995
2.06745
1.78306
0.567167
-0.321963
1.34592
1.77708
1.07213
-0.0205473
1.13828
-0.502486
1.39108
1.24068
0.722605
2.60086
0.907989
0.955296
1.63446
1.35699
0.59015
0.572589
2.37387
-0.128451
-2.45765
0.99193
-0.958208
1.19628
0.255353
0.764863
-0.997837
0.784464
1.05814
1.19947
-0.203297
3.52918
1.32618
1.37906
-0.711556
0.310263
2.37647
2.4519
1.48873
0.20028
-0.700148
-0.635828
1.00728
0.189932
1.70438
1.84258
0.638009
1.97703
2.05844
-0.347371
2.01922
-0.321971
-0.533596
-0.240197
1.01501
1.42597
2.28174
1.4303
1.77877
1.48411
0.224252
0.10737
1.18892
2.00987
-0.124763
2.48751
-0.682886
0.796814
1.41746
-0.411895
-0.941131
1.50932
0.479886
1.79471
1.03473
0.317524
1.31761
1.07286
1.13146
0.569136
2.97568
2.43287
0.899716
1.43528
2.13065
2.57013
2.87283
3.10601
0.420709
1.34733
0.0911345
0.939327
1.47004
0.172981
2.70518
0.807013
0.777653
-0.715279
3.38556
-0.306903
0.419813
1.33644
1.27075
1.68347
1.33538
0.922528
2.44781
1.33208
1.04227
0.549473
0.965449
1.88697
-1.33153
2.81592
1.51895
0.649847
2.54569
0.552557
1.89789
0.955648
2.82077
0.626445
1.3507
1.53499
0.31763
1.08857
2.94127
2.32338
-1.3069
0.476696
-1.02528
1.00353
0.915756
-1.04582
0.435912
0.425929
1.8822
-0.325084
3.40874
0.802905
0.452876
1.38909
1.12573
1.07971
-0.0551994
2.62591
-0.473365
0.157062
1.77145
-0.734972
1.50509
1.88741
1.92302
0.0740476
1.47397
0.652411
1.24922
-0.380684
0.543745
0.771083
0.977764
-1.36958
1.08584
0.594227
0.367361
-0.900668
1.97769
0.969537
-0.966561
0.948138
-0.687113
0.540948
2.09862
-0.320384
1.51831
0.519878
-0.248133
1.01
-0.33117
0.342659
0.865299
-0.0920609
0.813559
-0.647559
3.0333
2.57511
-0.474312
0.974189
1.01876
2.59563
0.433986
-0.369445
0.27328
3.10145
1.03347
-1.32051
1.70773
1.60921
1.05343
0.948299
0.395318
0.846237
2.52557
1.19746
0.584868
-0.0636836
0.0712116
2.21417
1.31154
1.67639
1.89493
-0.273329
1.21407
2.76473
0.4479
-1.06984
0.580918
1.92822
1.07956
0.691862
0.401719
-0.17194
1.81623
2.1849
0.32142
1.57029
0.208411
0.923551
1.20299
0.680392
1.22912
1.06846
0.0371647
2.18346
0.61279
0.0164135
-0.232583
0.931537
0.0708628
0.688677
2.41356
1.78514
1.18141
0.648144
1.85733
0.514183
2.56295
0.000164927
-0.0108153
2.26626
2.36036
1.0204
0.427309
1.19156
0.73462
0.549881
0.404163
1.64209
1.63642
2.06814
1.15403
-0.24372
1.28326
0.800309
1.41948
1.44104
0.722512
0.731177
1.38169
-0.97138
0.940608
1.24831
0.495551
0.980232
0.424054
-0.181912
0.444289
-1.12388
0.0579959
1.2988
2.17747
1.11522
2.03523
3.34083
1.01989
3.03277
1.13562
-0.829069
0.89664
0.163595
1.54784
1.3662
2.2954
1.53693
-0.0162383
2.04533
0.236132
-0.273865
1.25603
0.152642
2.74735
0.179767
1.09578
1.58376
0.725014
0.796265
0.0905106
0.731635
1.01843
-0.0376008
0.061612
0.825618
2.098
2.19492
0.288045
1.34099
0.861321
2.50713
1.52234
1.82141
-0.26328
1.83827
-0.235583
1.00144
0.0458408
-0.431632
3.85606
1.82203
2.58318
1.03077
2.42334
2.48778
1.29152
1.32426
2.62835
0.145599
1.70594
2.80945
1.64357
1.84242
1.63791
1.30121
0.4645
1.72048
0.381757
0.611412
0.668025
2.23619
0.42979
1.04655
0.013343
0.569865
0.421398
0.518906
1.33614
2.57028
0.857792
0.89043
1.18797
2.05065
1.79405
0.261109
1.76254
2.01742
0.145173
1.07137
1.14353
1.37771
0.606825
1.74865
1.03619
1.6212
-0.392609
1.16501
1.94955
1.19731
3.82456
-0.0232629
0.317492
0.833361
2.92995
1.96614
0.98082
1.69727
-0.31648
-0.0144483
0.0181998
1.73786
1.0261
1.89659
0.101725
0.62049
0.500248
0.341082
1.60132
-0.0884773
1.13028
1.20477
0.3184
0.77316
0.461033
0.449422
1.05342
2.08926
-0.378713
-0.00484093
1.23941
2.0045
0.181565
0.766828
-0.586725
1.35095
-0.233721
2.26316
1.94171
1.58818
0.474826
-0.0206242
1.0257
1.38181
0.648384
2.16584
0.0356332
1.85352
0.77909
0.570353
0.939422
1.86461
0.67312
0.746791
0.839999
2.2825
1.90459
0.661464
2.97546
0.779292
1.99918
-0.345484
1.04739
2.63408
0.41756
1.65112
2.40368
1.14928
1.43333
0.285542
1.62316
-0.336688
-0.251509
1.60085
1.36149
0.863043
1.09207
0.0837492
2.70968
1.8363
0.643017
1.98378
0.767069
-0.187203
-0.375243
4.44446
-0.553655
1.24699
0.46785
2.53161
0.762612
0.725931
1.51922
2.34473
0.800755
0.561593
1.20543
0.465193
-0.0123171
0.157085
-2.08521
0.975011
1.12183
0.43573
0.522417
1.16308
2.43274
0.842147
2.13504
2.03732
2.17591
-0.0735191
2.23869
1.89382
1.07151
1.58826
-0.599703
2.06335
0.317687
1.8514
0.17352
-0.569513
1.98906
0.528979
0.637043
1.85505
1.30564
0.72908
1.97078
0.0159065
0.948831
1.82524
3.28316
1.4459
0.623588
2.7732
-0.137636
0.149465
0.798109
1.37737
-0.439932
0.0223362
-0.112891
-0.722509
0.162249
-1.18569
0.339261
3.4361
1.0917
1.2688
0.183238
0.724594
-1.02541
2.99048
-0.224552
1.06662
1.84017
1.10454
1.15945
-0.212973
0.824956
0.588116
0.655305
0.689653
0.602919
0.717985
1.06672
1.93114
0.253433
1.54374
0.668073
1.00446
0.352566
0.977117
0.473679
0.716959
1.49212
-0.133549
0.558391
0.721463
1.04645
2.06759
-0.0403374
0.763227
1.93204
0.472896
-1.86853
2.07653
0.512713
-0.436253
0.875369
0.494602
1.22683
0.17243
2.60621
2.35274
0.715348
2.35676
2.00635
0.854372
1.30485
-1.90441
0.215351
0.970709
1.50072
2.8716
0.0962378
3.04446
0.94307
0.351675
0.64779
0.305218
1.75941
-0.116344
-1.04698
0.387026
1.97777
3.94382
1.01241
1.33954
-0.208585
1.4834
0.314422
1.38202
1.13437
0.671452
0.948497
-0.240501
2.01065
1.85656
1.50813
1.86808
0.0781996
1.17058
1.01113
0.64855
-0.296017
0.13892
0.246473
1.91176
-0.172312
2.16382
0.193515
2.53899
0.550378
1.27124
-0.212537
1.30095
0.989731
0.792386
1.36499
0.485661
0.41994
-0.12139
1.94241
2.89559
3.11572
-0.990303
-0.547399
0.890732
2.33179
1.38085
1.39927
2.67476
1.12734
0.839723
2.95427
2.69905
2.25569
1.61993
0.866748
0.733941
3.19517
1.20139
2.24562
-0.262469
0.442491
-0.305924
0.720895
1.99685
0.935919
0.848316
3.05502
2.30167
1.68609
-0.0410178
2.26113
1.66729
-0.282076
0.527338
1.81704
-0.848621
0.937776
1.90942
1.88867
1.68693
1.89814
-0.800456
0.553222
1.1576
-0.199287
1.38595
1.04314
1.71216
0.602589
-0.333895
-0.564202
0.368006
-0.436992
2.35989
0.899897
1.0432
-0.105078
-0.488033
0.184984
0.747259
-0.0130911
0.915901
-1.04474
0.840726
0.220763
0.132934
1.91241
1.33546
0.563552
1.23023
0.432621
2.29071
0.980628
1.76157
0.940897
1.34938
0.160195
-0.517084
1.50793
1.68887
0.581274
-1.23582
1.11463
0.565219
-1.03568
2.80191
0.0707498
1.27679
1.32747
0.704509
2.07007
2.10662
2.2216
0.916557
-0.362673
-1.17609
0.934667
1.74258
-0.488641
0.304513
2.61259
1.20708
-0.114896
0.195661
1.14833
1.8776
2.74158
1.57843
1.5662
-0.438034
2.61837
0.744428
0.581802
2.39699
1.07566
-0.0528601
-0.96668
-0.600033
0.350114
0.611712
1.85446
2.59562
1.93396
2.28112
0.322049
1.52018
2.10767
0.803514
0.646995
1.00687
0.729736
2.04814
0.985298
1.06166
-0.0933778
1.05448
2.16546
2.48588
0.586807
1.31678
1.37955
0.975805
1.41634
0.38686
1.39215
0.925094
-0.538213
0.632156
1.90108
1.16437
0.897641
1.51854
2.17392
0.053027
0.203009
0.850727
-0.365315
2.39802
1.68072
-0.253978
-1.18116
-0.33504
1.09919
-1.03039
-0.580895
0.781531
0.314994
0.24649
-0.737085
-0.0575806
-0.956743
0.950988
0.140607
-0.0146336
-0.357551
1.2378
1.48056
0.535825
1.4529
2.82952
1.25827
1.05088
-1.80826
1.99194
0.450936
0.686584
-0.802094
1.78561
1.50104
0.259397
0.3824
1.37638
0.558146
1.34918
1.14278
0.19624
0.69607
3.0476
1.38634
0.96914
0.427383
0.107422
1.36802
1.62747
1.43103
0.66949
1.04079
0.62254
3.32003
1.82411
1.26675
-0.137235
1.87177
0.707124
-0.750705
-1.11968
3.58096
2.24539
1.8201
1.15723
1.83887
0.631802
0.799698
1.93035
2.51313
0.769448
1.113
1.45846
2.30562
1.95091
0.976206
0.880275
1.32098
2.51388
0.563908
3.17034
0.581066
2.74364
0.584188
1.75909
1.3177
-1.11329
1.88833
1.98151
1.01307
0.684403
-1.24581
1.10305
1.84827
1.06367
1.84573
1.20065
0.638404
2.21942
2.69352
2.01976
1.2432
1.46927
2.25514
1.00296
1.25889
0.545543
0.631356
-0.798208
1.1196
3.19736
1.14788
-1.45228
1.22051
0.173638
0.608337
-1.26529
1.64058
-1.81584
1.58875
0.90817
1.97615
1.723
-0.370616
3.32735
0.69558
-0.286135
0.655701
0.924071
1.01549
0.958819
1.07652
1.03276
1.41165
1.4076
0.398066
0.446137
3.28148
1.8568
-0.48808
-0.0335373
1.759
0.180734
-0.840169
1.98952
1.32481
2.87732
-0.0435668
0.32005
-1.34051
1.45844
1.30199
0.84315
1.54437
0.924973
1.22948
2.0356
1.31042
1.50729
1.46368
1.88836
0.572246
0.273208
1.68846
1.32566
-0.379343
-1.35822
1.73579
2.18881
0.046003
1.39944
0.383743
0.893771
1.59989
0.513033
0.673644
1.76836
0.545657
0.0588998
0.00102493
0.16453
0.938593
-0.126254
0.529133
1.06761
0.344051
-0.402105
2.15531
-0.257972
1.91283
-0.00307588
-0.354266
-1.19952
1.37962
0.468172
1.45632
1.46982
-0.581503
1.96502
2.63334
0.641061
0.99864
0.661183
0.685441
0.727201
2.07664
1.88572
2.22257
-1.41374
0.0560817
1.69053
1.67053
0.93453
0.278367
2.1884
0.548885
1.8594
0.727499
0.37295
2.987
1.23027
0.792012
1.84912
2.47016
1.50997
-0.459241
1.10702
0.473216
0.618804
0.0628793
0.604677
0.668057
1.27556
1.57961
-1.00483
2.75086
1.40277
1.76967
2.13991
0.0978076
2.46507
0.941635
1.76191
1.90356
0.237841
0.468612
1.59604
1.48629
1.35181
2.1798
1.53966
0.101904
0.664601
0.584557
1.27819
0.316014
1.72336
1.06654
3.41665
2.24845
0.451714
0.739887
0.236883
1.0062
0.521749
0.41572
0.652785
0.845399
-3.36197
2.63353
1.87953
-0.425729
0.315535
0.0357748
0.0333313
2.05291
0.460323
-0.797406
1.89924
0.912043
0.626908
0.414409
0.743373
3.56151
-0.468973
1.40162
0.754069
0.208866
1.0892
0.125103
-1.00916
2.25732
0.512026
0.455974
1.46086
-0.232771
1.4719
1.64306
1.6878
1.76522
1.42648
0.136001
1.30096
0.717287
1.77446
1.02181
2.6565
2.28214
-0.45117
1.5968
2.46557
2.42845
2.36784
-0.179203
1.84144
1.44761
2.46876
0.795199
0.355265
0.661286
0.914399
1.74201
1.97146
1.6121
-2.021
2.77061
2.09492
-0.492117
-0.849411
1.05076
2.17606
0.433611
0.861905
1.29766
-0.147015
-0.152631
1.47469
1.05727
0.276721
1.68823
2.98821
0.434626
2.30928
2.06483
0.51521
0.346998
0.957447
1.92068
-0.840351
1.50704
0.528543
-0.583805
0.572622
0.666347
-0.0220823
0.181634
1.75495
1.98439
0.370807
0.844665
0.223629
2.44406
0.590936
2.01217
1.07409
-0.152799
-0.236452
1.69639
0.597366
-0.141292
-0.0458085
0.974899
0.930992
1.38859
1.98638
1.38494
-0.611857
2.63816
1.01392
2.30993
2.51852
0.471673
1.0749
1.10526
1.07332
-0.415538
1.5703
1.89499
-1.54242
1.27958
-0.17965
0.93605
1.45869
1.84102
0.274076
1.18066
0.72035
2.63913
1.07278
-0.952597
1.51609
-0.154309
1.65597
0.849985
0.826989
3.1089
0.407424
1.99261
-1.13674
1.59891
1.07606
-0.652002
1.5554
1.31381
0.624582
0.00990223
2.18623
0.250777
2.38479
1.88955
1.09033
1.4599
1.09937
1.14152
0.552887
1.50363
2.51325
1.34496
-0.356547
0.0691141
0.828725
1.0999
2.25092
0.653262
2.20402
2.0042
-0.623938
0.223267
0.647937
1.91342
0.386225
2.07135
1.47998
1.54795
0.0254981
1.57764
1.27402
2.50205
1.14034
-0.573019
-0.0545414
0.724797
1.49196
-0.553519
0.811337
0.436881
-0.225105
1.28741
1.60576
1.8734
1.2843
0.190224
1.72937
1.45339
0.309895
0.250814
0.56214
0.475116
0.964933
0.40138
1.77974
1.17871
2.26212
1.57621
0.506078
1.549
0.66473
1.41634
0.891267
0.885391
-0.528948
2.293
-0.3344
1.26451
1.9267
1.20426
0.771989
2.45446
1.59176
0.845643
2.99396
3.02702
-0.900539
1.00948
0.700336
0.619737
2.13858
0.285781
1.3833
0.620553
1.26619
3.28928
0.954684
0.972942
-1.53987
0.681098
2.39592
2.38735
0.00410783
1.5691
0.329091
2.30978
1.20864
0.0175527
0.267291
1.49402
2.50315
0.659573
-0.331016
0.509946
0.0697369
0.221892
-0.269829
2.85925
0.0558182
-0.0586273
1.22007
2.20871
-0.351301
0.715612
0.621214
2.18935
1.10854
0.015414
1.25472
1.46652
2.37115
1.05088
1.8396
-0.354271
0.807103
0.695174
2.84779
1.84142
1.77723
1.77411
0.62272
2.03763
2.13929
1.19756
1.31124
1.54326
1.76308
0.535213
2.03669
1.53061
1.50377
0.969476
2.3431
1.38718
-1.24669
1.93295
0.604809
1.20285
-0.307763
0.141105
0.940428
2.4161
1.88276
0.638572
0.704942
-0.171461
0.887536
-0.120439
1.61927
0.907172
2.38182
2.2651
1.07362
0.811285
0.490686
1.88489
0.931973
1.85558
1.26172
2.27034
0.453589
-0.52585
1.12976
0.325262
1.8428
-0.439691
2.09083
0.722612
0.0558569
1.30329
1.99795
1.33052
2.47068
1.56474
1.95352
1.82243
1.26459
2.55744
1.38832
1.8746
-0.397861
1.10299
-0.468605
2.27514
-0.41214
0.563523
-1.11505
2.5338
1.8485
1.26208
1.42783
-0.461706
1.84967
-0.545748
1.13591
0.897765
1.52034
0.397698
1.83595
0.850693
-0.154742
0.246278
2.14565
0.794301
0.300678
-0.172189
1.80104
1.63586
0.700292
0.0690223
1.64027
-0.687884
1.01988
0.713012
0.32592
0.345425
0.537414
1.09679
1.63076
-0.0434485
-0.189849
2.42989
1.19537
0.921535
0.708918
1.48284
0.269497
-0.649708
2.04227
0.296946
-0.189467
0.697105
0.72768
1.67541
0.697444
0.824859
-0.508088
1.67735
1.10867
2.11081
1.79187
2.69312
-0.415185
-0.203878
1.07774
-0.148161
0.359807
-0.199547
1.79909
0.970132
1.06694
0.836125
1.13677
0.764215
-0.186068
-1.43782
1.33248
0.46698
2.89687
1.43159
1.9159
0.865115
1.16478
1.68215
-0.128849
-0.963367
0.327169
1.24801
0.804964
1.61531
-0.1784
2.35241
0.737799
2.18616
1.24772
1.18816
0.349538
1.88281
0.919855
1.18408
3.02345
0.934322
1.46939
1.75292
-0.956955
0.251082
0.19687
1.44486
0.611965
-0.405922
1.75708
1.35898
0.852485
0.852764
1.29199
1.61239
0.284998
1.58758
1.23275
0.262934
1.19415
1.63472
1.32507
0.924271
2.03205
-0.315926
1.44576
2.68776
2.43306
1.44185
3.12681
-0.9853
1.38994
0.879454
1.26288
3.35135
2.23337
1.95746
1.32164
0.214922
0.761161
0.945054
0.121308
0.896877
0.483093
0.496927
1.55015
0.403166
-0.139076
0.875843
1.21829
2.77977
1.65344
0.0404006
1.3494
3.30066
-0.0977479
2.78425
1.94529
-0.00742376
1.75511
1.70053
1.15942
2.38341
0.0705092
1.52197
0.0243571
1.56212
1.40882
0.293401
0.420116
0.476548
1.30561
-1.51906
0.668698
1.64694
0.989522
2.46157
0.101148
1.13464
0.607693
-0.201311
-0.603941
-0.487071
1.41242
1.2499
0.919264
1.36954
-0.807137
0.82386
0.236426
1.36768
0.413221
1.84623
1.22586
1.29071
2.77057
0.63175
1.60117
2.61396
1.48114
-0.834274
3.23293
2.38337
2.7746
2.35735
0.363632
1.4356
-1.24453
0.928033
-1.0001
2.5676
1.36273
2.14632
0.730056
2.01426
-0.248918
0.555233
-0.769946
0.10307
2.32792
1.05678
1.54157
1.39693
-0.463437
0.773002
1.05244
0.395609
0.305264
3.0021
1.51431
1.77884
1.61508
1.27791
1.32985
1.15306
3.08926
2.46444
3.15002
0.0616987
-0.603097
3.04683
0.226301
0.51884
1.53912
-0.732683
0.299058
0.651359
3.37664
0.823583
1.02927
1.02383
0.471208
-0.138595
1.01052
2.79888
0.997578
2.29535
1.32155
3.12666
-0.220257
0.883662
1.43702
1.08839
1.41605
0.472324
1.87013
0.543647
1.25529
0.579624
0.272478
1.37578
1.84476
0.542065
0.524494
1.6337
-2.16445
2.01991
1.55891
-0.270822
0.431848
0.460487
-0.156681
0.821083
1.1332
2.56718
1.69688
0.0121015
-0.27609
0.826643
-0.949534
1.50256
1.58791
1.31801
0.219658
1.00566
2.7172
2.32444
-0.293901
-0.0337181
2.51232
-0.370858
0.947794
0.296192
2.27068
1.07966
2.24726
1.22812
1.23804
1.67961
0.370693
1.36603
3.80618
2.56702
-0.6839
0.0363178
3.28618
1.02581
0.369587
1.8894
1.09858
0.200255
2.29139
0.710315
3.41311
1.27647
-1.7592
-0.950386
2.17131
1.53568
1.1652
-1.4515
1.09198
0.951589
0.454884
0.276975
1.30505
1.89047
0.341765
-0.0289302
-0.0461469
0.591346
1.44344
0.562543
2.17379
-0.774547
-1.26414
1.90914
0.867205
0.639208
1.59918
0.00820868
0.815871
1.42336
0.282122
1.92539
-0.591687
0.433286
2.24055
0.322438
-1.66047
1.75604
1.24806
1.91763
2.04022
1.21793
3.14147
2.95246
0.387612
0.627065
0.725539
2.51698
0.737169
1.50963
-0.146829
1.73833
0.15194
1.56217
1.70496
1.16587
0.873525
1.78377
1.99106
1.46312
0.879974
2.87601
1.52974
2.3582
1.95194
1.0866
1.29031
1.47257
2.77025
0.035342
1.0945
-0.555533
1.43419
0.40289
1.8344
0.374465
0.0706312
-0.352968
1.38596
1.33224
2.21808
-0.386909
1.9408
2.43353
0.652864
2.22773
0.923577
-0.0474891
2.94262
0.205616
0.957564
1.49308
0.317017
2.01683
1.93172
1.98911
0.204719
1.52478
0.0491823
0.350568
1.25992
1.18388
0.425517
2.02462
-0.969341
0.676678
0.16685
2.01444
1.00142
1.27394
0.892134
0.296534
0.368415
1.35776
1.59893
-0.399529
1.17375
0.770241
1.52627
1.12362
-0.0128192
0.944691
3.52635
0.693972
0.801302
1.51717
1.25214
0.821601
1.58892
1.50809
0.123225
1.60533
-0.0627743
0.563493
1.05774
1.13914
1.3572
0.949063
1.51319
-1.03216
2.57414
0.315825
-0.623726
1.09366
1.36296
0.902104
0.59414
0.39023
0.957096
-0.441001
0.50892
2.03378
2.53787
0.0972497
0.0277941
2.20803
0.870786
-0.568509
-0.299506
2.53407
1.73104
0.546316
-0.826732
1.4788
2.25361
0.799489
0.756578
1.85558
0.268857
1.547
1.34663
2.84004
1.88948
0.803691
0.0120271
-0.0021738
1.77166
1.31345
1.89575
-2.03567
1.96325
0.753598
0.437974
0.407264
1.7729
3.667
0.546006
0.421741
1.29562
1.85728
1.28996
1.63109
1.80086
0.607515
0.43969
0.45895
1.28621
1.72504
1.89301
2.26623
1.01055
0.570161
0.816294
0.281226
1.33772
-0.292047
-0.525211
0.384856
0.871277
1.05437
0.109307
-0.244231
0.610835
0.805634
1.89079
1.8627
0.892384
1.61053
2.14436
0.717797
1.31116
1.39571
-0.50672
0.984226
0.971681
1.64165
-0.0608446
-0.0264403
1.37973
1.16683
1.09453
1.06464
2.00834
0.660862
0.475995
-0.260226
-0.456591
1.37897
1.48531
0.529824
0.709787
-0.2101
0.724035
1.60951
0.782071
0.00723791
-0.564389
2.4943
2.59057
-0.68216
1.10208
0.593836
1.17733
2.93325
1.45612
0.0203655
2.02337
1.82033
0.958517
1.5265
0.43041
-0.695964
1.72941
2.57899
2.35955
0.11856
1.54319
1.31748
0.463682
-0.698015
0.298003
1.22126
1.60825
-0.252599
0.424789
0.719337
1.80678
0.778533
1.79245
1.17426
1.30811
1.70733
0.106538
-1.54013
0.594578
0.0798942
1.46877
-0.275315
1.27864
1.54021
0.864363
1.49298
-0.214192
2.16625
1.44418
1.63772
1.20354
0.689611
3.96705
0.431237
1.77679
0.266081
3.40249
0.795085
0.238484
0.564751
0.232145
2.30598
-0.782174
-0.0419641
0.199922
1.68526
-0.225912
2.45225
1.36932
2.02072
0.904459
1.53955
0.690517
0.0498939
1.64502
-0.414554
1.57
2.21692
-0.0866775
2.1314
0.270673
1.15152
0.765022
0.203178
2.5174
0.658698
-0.236418
1.04743
0.816704
1.55042
-1.57328
1.77899
1.17377
0.93032
0.378314
1.04175
-1.07495
0.728227
1.7134
1.98437
1.08906
2.86714
1.76139
-1.18882
0.603987
0.181506
1.41166
0.0708644
1.32728
-0.0585306
2.18432
1.60123
0.0245392
1.32265
0.809938
0.568069
3.30356
-0.78107
0.970985
2.49329
0.864752
-0.32038
2.22224
1.44492
-0.86308
0.902119
1.10993
0.555969
1.82689
0.637108
-0.368036
1.90297
-0.526668
0.986528
-1.31826
0.233945
0.846844
0.0486328
-0.189507
0.730972
1.67152
0.148542
2.45121
1.57781
1.15861
-0.552229
0.108976
3.2994
0.271871
1.54435
0.522528
0.84195
0.075246
1.57549
0.381632
0.797401
0.60259
-0.0793013
0.469354
1.8699
1.64493
0.667543
0.229278
0.990552
1.8121
1.47103
0.490108
0.216574
1.8169
2.75995
-0.329419
1.37424
0.508241
1.20214
1.75262
1.72239
0.596181
-0.488129
0.83844
3.13107
0.680934
3.29799
-1.44203
0.616354
0.986851
1.88886
2.41208
1.72376
1.41707
1.75549
-0.79778
1.29997
1.19039
2.03782
1.81998
1.46399
0.578327
1.20291
0.529858
1.99208
1.21481
0.924357
1.25698
0.946625
1.30651
1.39582
2.29493
1.64942
0.197115
0.252224
1.27406
2.37079
1.82838
1.46631
0.653839
-0.0193734
-0.363548
2.93782
1.00065
0.164904
0.988543
0.579112
1.82752
3.63529
-0.14444
1.74502
0.6131
1.33425
2.71132
0.955699
0.135119
0.680266
1.07121
0.398679
0.816074
2.07688
1.86174
0.362093
1.2678
2.3316
1.1185
1.42194
0.437793
1.83338
1.21324
0.181856
1.03109
1.14663
0.722767
0.325467
1.6072
2.3611
2.1203
1.79817
-0.192875
0.505724
-0.00992752
-0.0349468
1.11026
1.27543
1.98986
0.339243
-0.617127
0.16231
1.3947
0.798514
0.875662
2.22222
2.21006
2.42188
-0.156732
2.4531
0.17021
2.69875
0.794541
1.47209
2.5446
0.500743
0.967653
1.41329
1.31783
2.46029
-0.60978
1.20305
1.51179
-0.403094
1.88493
0.420505
1.77107
0.759718
1.69379
1.05039
1.75619
1.01675
0.56073
0.887456
-0.475548
2.25522
1.82229
0.0134037
-0.534201
0.709733
2.5594
1.18581
0.731899
0.383995
0.115178
0.190731
2.06811
1.3235
2.07031
1.65371
1.71326
1.84587
1.02459
0.0702826
0.158004
1.30347
0.839811
-0.435098
0.221382
-0.573498
1.89862
2.35859
2.55251
1.3741
0.579018
0.36573
1.48984
2.14472
1.6097
2.54254
0.857165
0.351473
0.616427
0.584433
1.73133
0.361701
1.60076
0.667712
2.83054
0.252691
1.23206
-0.029489
1.37164
2.8195
1.83306
-0.437367
0.0924215
0.72681
1.16218
-0.117936
2.6742
-0.0955044
0.926321
-0.214348
1.20063
1.80023
0.515529
-0.725983
1.87457
0.817449
0.58681
1.73398
2.11022
1.42522
1.0623
-0.539358
1.33389
2.06065
0.873967
-2.55904
2.69013
1.64706
2.97517
-0.033487
1.69975
1.54746
3.37251
2.24569
1.55647
0.833648
2.56595
-0.453658
2.84047
1.70991
2.15994
1.19535
2.05176
-1.24955
1.59257
0.737955
0.531368
1.99201
-1.6378
0.808548
0.572381
0.897123
0.0815901
2.00337
1.65639
0.598056
-0.536892
-0.0187388
0.22222
-0.181872
1.93319
0.671277
-0.152048
0.285093
0.579068
1.85616
3.08398
1.96354
1.02706
-0.346334
1.39425
-0.196518
1.07052
3.1712
1.81357
0.0843782
0.774093
1.09875
0.693049
-0.29483
2.08206
1.54053
0.558228
2.09026
0.283285
-1.48822
2.52127
2.42581
1.62374
0.134142
0.814172
0.949905
0.18859
-0.278853
1.8348
0.284973
1.50771
0.754294
1.34942
1.64571
1.73248
1.26137
0.876736
0.358645
0.143837
0.208719
-1.73004
2.1047
-0.147569
3.17555
0.65794
1.63445
0.956873
0.572876
1.72574
1.33887
0.535822
0.841076
1.19066
1.10713
-1.64545
-0.0885341
0.908252
0.214303
1.09925
4.2875
1.13737
0.837717
1.03011
1.98667
-0.797557
0.361993
0.789242
0.688544
0.161706
1.46643
1.04617
0.149679
-0.244493
-0.0613266
-0.73362
1.01594
2.15203
1.37399
-0.00852586
2.71057
0.986785
0.594483
2.19276
2.0495
2.42106
2.57104
2.2345
0.544124
-0.721061
-0.575459
2.32308
2.06722
0.26254
-0.0692436
0.392773
0.638122
0.957081
-0.983055
0.926477
1.70456
1.18651
2.7881
3.53843
-0.422837
-0.182803
1.18036
1.55804
0.621913
1.00449
-0.693389
0.855845
-0.165061
0.822682
2.33879
0.0570984
0.454983
-0.294129
2.59498
1.55427
0.510816
2.71975
-0.0133009
1.57807
2.17253
1.09426
0.966266
0.528734
0.800039
2.3266
-0.292016
-0.441252
1.73194
2.42418
1.61428
-0.176642
0.309427
1.54241
1.23065
0.396068
0.94699
1.2339
2.24459
0.413805
1.84593
2.78047
2.53321
1.08353
-0.250476
1.02572
0.991365
1.16177
0.422147
0.651666
2.76336
-0.0314812
0.286793
0.517944
0.29162
1.6062
0.838217
1.77994
1.0432
0.343599
1.57536
0.890103
-0.644836
0.605543
2.71498
2.11482
0.456544
0.151406
-0.0650409
0.185715
1.24323
1.82646
1.26005
1.63121
1.23674
0.911062
1.90659
1.46511
0.504386
-0.507439
1.51687
2.03658
1.98775
1.44484
1.87754
1.12636
1.49041
-0.380469
0.966791
1.02169
0.357015
0.389567
1.14706
0.156066
3.46945
1.89407
1.22037
1.76638
1.77914
2.16206
1.24152
-0.618964
2.36525
0.610306
1.79502
-0.203161
0.966115
1.4468
0.901044
2.061
0.82229
0.571831
0.297422
0.632124
-0.833218
1.43283
1.37672
0.721664
0.508037
2.09174
2.29699
