pfa_theoretical:
1e-06
1e-05
2e-05
3e-05
4e-05
5e-05
6e-05
7e-05
8e-05
9e-05
0.0001
0.0002
0.0003
0.0004
0.0005
0.0006
0.0007
0.0008
0.0009
0.001
0.002
0.003
0.004
0.005
0.006
0.007
0.008
0.009
0.01
0.02
0.03
0.04
0.05
0.06
0.07
0.08
0.09
0.1
0.2
0.3
0.4
0.5
0.6

detection threshold(¦µ):
1.50316 1.34868 1.2989 1.26896 1.24733 1.23031 1.21625 1.20425 1.19376 1.18445 1.17606 1.11947 1.08517 1.06025 1.04056 1.02422 1.01024 0.997985 0.98707 0.977217 0.910155 0.868925 0.838658 0.814549 0.79441 0.777055 0.761766 0.748074 0.735656 0.649452 0.594759 0.553616 0.520148 0.491663 0.466686 0.444323 0.423984 0.405262 0.266144 0.16583 0.0801154 -4.9603e-17 -0.0801154 
pm_Attack_theoretical:
0.367778
0.204323
0.162634
0.140437
0.125739
0.114958
0.106558
0.0997459
0.0940607
0.0892125
0.085008
0.0604407
0.0485021
0.0410725
0.0358797
0.0319922
0.0289458
0.0264791
0.0244318
0.0226996
0.0134486
0.00955476
0.00736197
0.00594589
0.00495399
0.00422045
0.0036564
0.00320972
0.0028477
0.00119306
0.000662809
0.000418164
0.000284144
0.000202814
0.000149955
0.00011386
8.82715e-05
6.9591e-05
1.07101e-05
2.4765e-06
6.56349e-07
1.77931e-07
4.53295e-08

pfa_Attack_experimantal:
