pfa_theoretical:
1e-06 2e-06 3e-06 4e-06 5e-06 6e-06 7e-06 8e-06 9e-06 1e-05 2e-05 4e-05 5e-05 6e-05 7e-05 8e-05 0.0001 0.001 0.01 0.1 
detection threshold(¦µ):
1.50316 1.45825 1.43137 1.41202 1.39683 1.38431 1.37365 1.36435 1.3561 1.34868 1.2989 1.24733 1.23031 1.21625 1.20425 1.19376 1.17606 0.977217 0.735656 0.405262 
pm_theoretical:
0.173949 0.139911 0.121866 0.109927 0.101168 0.094337 0.0887908 0.0841559 0.0801977 0.0767598 0.0565263 0.040258 0.0358114 0.032448 0.0297871 0.0276134 0.024243 0.00463588 0.000381677 5.15546e-06 
pfa_experimantal:
0 0 1e-06 2e-06 3e-06 3e-06 4e-06 8e-06 8e-06 1e-05 2.6e-05 4.7e-05 5.7e-05 6.4e-05 7.7e-05 9e-05 0.000103 0.001086 0.010117 0.100384 
pm_experimantal:
0.17415 0.13981 0.121861 0.110028 0.10129 0.094481 0.088904 0.084264 0.080362 0.076945 0.056608 0.040393 0.035959 0.032591 0.029955 0.027738 0.024297 0.004778 0.000417 6e-06 
