pfa_theoretical:
1e-06
1e-05
2e-05
3e-05
4e-05
5e-05
6e-05
7e-05
8e-05
9e-05
0.0001
0.0002
0.0003
0.0004
0.0005
0.0006
0.0007
0.0008
0.0009
0.001
0.002
0.003
0.004
0.005
0.006
0.007
0.008
0.009
0.01
0.02
0.03
0.04
0.05
0.06
0.07
0.08
0.09
0.1
0.2
0.3
0.4
0.5
0.6

detection threshold(¦µ):
1.50316 1.34868 1.2989 1.26896 1.24733 1.23031 1.21625 1.20425 1.19376 1.18445 1.17606 1.11947 1.08517 1.06025 1.04056 1.02422 1.01024 0.997985 0.98707 0.977217 0.910155 0.868925 0.838658 0.814549 0.79441 0.777055 0.761766 0.748074 0.735656 0.649452 0.594759 0.553616 0.520148 0.491663 0.466686 0.444323 0.423984 0.405262 0.266144 0.16583 0.0801154 -4.9603e-17 -0.0801154 
pm_theoretical:
0.173949
0.0767598
0.0565263
0.0465479
0.040258
0.0358114
0.032448
0.0297871
0.0276134
0.0257943
0.024243
0.015698
0.0118956
0.00965983
0.00816237
0.00707919
0.00625453
0.00560325
0.0050745
0.00463588
0.00244693
0.00161833
0.00118277
0.000915771
0.000736488
0.000608562
0.000513208
0.000439749
0.000381677
0.000137195
6.91172e-05
4.05014e-05
2.59119e-05
1.75688e-05
1.24167e-05
9.05396e-06
6.76526e-06
5.15546e-06
6.1582e-07
1.18497e-07
2.68274e-08
6.27432e-09
1.37852e-09

pfa_experimantal:
0
1e-05
1.5e-05
2.1e-05
2.8e-05
3.2e-05
4.1e-05
5e-05
6.1e-05
7.2e-05
8e-05
0.000197
0.000303
0.000409
0.000503
0.000584
0.000696
0.000795
0.000894
0.00102
0.002005
0.002949
0.003934
0.004942
0.005902
0.006845
0.00785
0.008828
0.009889
0.019906
0.029928
0.039999
0.050042
0.060059
0.070251
0.080507
0.090507
0.100514
0.20085
0.300684
0.40056
0.500736
0.600165

pm_experimantal:
0.503268
0.315907
0.262392
0.232551
0.211976
0.196642
0.184416
0.174558
0.166194
0.159054
0.15268
0.114503
0.094566
0.082048
0.0731
0.066191
0.060781
0.05634
0.052455
0.049222
0.031417
0.02331
0.018561
0.01532
0.013097
0.011427
0.010039
0.008902
0.008037
0.003712
0.002205
0.001476
0.001056
0.00079
0.000592
0.000446
0.000349
0.000281
5.2e-05
1.5e-05
5e-06
3e-06
0

