pfa_theoretical:
1e-06 1e-05 2e-05 3e-05 4e-05 5e-05 6e-05 7e-05 8e-05 9e-05 0.0001 0.0002 0.0003 0.0004 0.0005 0.0006 0.0007 0.0008 0.0009 0.001 0.002 0.003 0.004 0.005 0.006 0.007 0.008 0.009 0.01 0.02 0.03 0.04 0.05 0.06 0.07 0.08 0.09 0.1 0.2 0.3 0.4 0.5 0.6 
detection threshold(¦µ):
1.50316 1.34868 1.2989 1.26896 1.24733 1.23031 1.21625 1.20425 1.19376 1.18445 1.17606 1.11947 1.08517 1.06025 1.04056 1.02422 1.01024 0.997985 0.98707 0.977217 0.910155 0.868925 0.838658 0.814549 0.79441 0.777055 0.761766 0.748074 0.735656 0.649452 0.594759 0.553616 0.520148 0.491663 0.466686 0.444323 0.423984 0.405262 0.266144 0.16583 0.0801154 -4.9603e-17 -0.0801154 
pm_theoretical:
0.173949 0.0767598 0.0565263 0.0465479 0.040258 0.0358114 0.032448 0.0297871 0.0276134 0.0257943 0.024243 0.015698 0.0118956 0.00965983 0.00816237 0.00707919 0.00625453 0.00560325 0.0050745 0.00463588 0.00244693 0.00161833 0.00118277 0.000915771 0.000736488 0.000608562 0.000513208 0.000439749 0.000381677 0.000137195 6.91172e-05 4.05014e-05 2.59119e-05 1.75688e-05 1.24167e-05 9.05396e-06 6.76526e-06 5.15546e-06 6.1582e-07 1.18497e-07 2.68274e-08 6.27432e-09 1.37852e-09 
pfa_experimantal:
0 8e-06 1.9e-05 2.9e-05 4e-05 5.1e-05 5.6e-05 7.2e-05 8.1e-05 8.7e-05 0.000102 0.000199 0.000298 0.000395 0.000512 0.000616 0.00071 0.000816 0.000912 0.001017 0.002072 0.00298 0.003971 0.005021 0.006033 0.00704 0.007993 0.009027 0.009982 0.019851 0.029796 0.039693 0.049764 0.059841 0.069921 0.080104 0.090155 0.100242 0.200353 0.300629 0.400451 0.50048 0.600081 
pm_experimantal:
0.173744 0.076686 0.056392 0.046516 0.040173 0.035743 0.032446 0.029763 0.027631 0.025834 0.024295 0.015618 0.011774 0.00949 0.008075 0.006993 0.006191 0.005485 0.004946 0.004509 0.002387 0.001573 0.001186 0.000946 0.000763 0.000625 0.000523 0.000452 0.000392 0.000128 6.3e-05 3.8e-05 3.1e-05 2.3e-05 1.6e-05 8e-06 7e-06 7e-06 0 0 0 0 0 
